1 1 534817 39.2 88 20 3 1 4 1 3 4 2 2 1 5.2 4 2 50 85 2 2 3 2 02208 00000 00000 2
2 1 530334 38.3 40 24 1 1 3 1 3 3 1 2 1 5.2 1 1 33 6.7 3 2.3 1 2 00000 00000 00000 1
1 9 5290409 39.1 164 84 4 1 6 2 2 4 4 1 2 5 3 5 48 7.2 3 5.3 2 1 02208 00000 00000 1
1 1 526802 37.9 48 16 1 1 1 1 3 3 3 1 1 5.2 3 5 37 7 3 2.3 1 1 03124 00000 00000 2
2 1 530051 38.1 80 36 3 4 3 1 4 4 4 2 1 5.2 3 5 38 6.2 3 2.3 3 1 03205 00000 00000 2
2 9 5299629 38.3 90 28 1 1 1 1 5 3 1 2 1 5.2 3 5 40 6.2 1 2.2 1 2 00000 00000 00000 1
1 1 528548 38.1 66 12 3 3 5 1 3 3 1 2 1 3 2 5 44 6 2 3.6 1 1 02124 00000 00000 1
2 1 527927 39.1 72 52 2 1 2 1 2 1 2 1 1 5.2 4 4 50 7.8 3 2.3 1 1 02111 00000 00000 2
1 1 528031 37.2 42 12 2 1 1 1 3 3 3 3 1 5.2 4 5 45 7 3 2.3 1 2 04124 00000 00000 2
2 9 5291329 38 92 28 1 1 2 1 1 3 2 3 1 7.2 1 1 37 6.1 1 2.3 2 2 00000 00000 00000 1
1 1 534917 38.2 76 28 3 1 1 1 3 4 1 2 2 5.2 4 4 46 81 1 2 1 1 02112 00000 00000 2
1 1 530233 37.6 96 48 3 1 4 1 5 3 3 2 3 4.5 4 5 45 6.8 3 2.3 2 1 03207 00000 00000 2
1 9 5301219 38.1 128 36 3 3 4 2 4 4 3 3 1 5.2 4 5 53 7.8 3 4.7 2 2 01400 00000 00000 1
1 1 5290481 37.6 64 21 1 1 2 1 2 3 1 1 1 5.2 2 5 40 7 1 2.3 1 1 04205 00000 00000 1
1 1 530157 39.9 72 60 1 1 5 2 5 4 4 3 1 5.2 4 4 46 6.1 2 2.3 1 1 02111 00000 00000 2
2 1 529340 38.4 48 16 1 1 1 1 1 3 1 2 3 5.5 4 3 49 6.8 3 2.3 1 2 00000 00000 00000 2
1 1 533692 38.1 60 12 3 3 3 1 3 4 3 3 2 2 4 5 51 65 3 2.3 1 1 03111 00000 00000 2
1 1 530526 38.3 72 30 4 3 3 2 3 3 3 2 1 5.2 3 5 43 7 2 3.9 1 1 03111 00000 00000 1
1 1 528653 37.8 48 12 3 1 1 1 3 3 2 1 1 5.2 1 3 37 5.5 2 1.3 1 2 04122 00000 00000 1
2 1 529475 37.7 96 30 3 3 4 2 5 4 4 3 2 4 4 5 66 7.5 3 2.3 2 1 04205 00000 00000 2
2 1 530242 37.2 108 12 3 3 4 2 2 4 2 2 3 6 3 3 52 8.2 3 7.4 3 1 02207 00000 00000 1
1 1 529427 37.2 60 28 2 1 1 1 3 3 3 2 1 5.2 4 5 43 6.6 3 2.3 1 1 02209 00000 00000 2
1 1 529663 38.2 64 28 1 1 1 1 3 1 1 2 1 5.2 4 4 49 8.6 2 6.6 1 1 02208 00000 00000 1
1 1 529796 38.1 100 30 3 3 4 2 5 4 4 3 3 5.2 4 4 52 6.6 3 2.3 1 1 01124 00000 00000 2
2 1 529493 38.3 112 16 3 3 5 2 3 3 1 1 2 5.2 4 5 51 6 2 1 3 2 05205 00000 00000 1
1 1 533847 37.8 72 28 3 3 1 1 5 3 1 2 1 5.2 1 1 56 80 1 2 1 1 03111 00000 00000 2
2 1 528996 38.6 52 28 1 1 1 1 3 3 2 1 1 5.2 1 3 32 6.6 1 5 1 2 00000 00000 00000 1
1 1 529498 38.1 88 28 3 3 6 2 5 3 3 1 3 5.2 4 5 63 6.5 3 2.3 2 1 04205 00000 00000 2
2 1 530301 38 60 12 3 1 3 1 3 3 1 1 1 5.2 2 2 47 7 3 2.3 1 2 03111 00000 00000 2
1 1 534069 38.1 120 28 3 4 4 1 4 4 4 1 1 5.2 4 5 52 67 2 2 3 1 03205 00000 00000 2
1 1 535407 35.4 140 24 3 3 4 2 4 4 1 2 1 5.2 4 5 57 69 3 2 3 1 03205 00000 00000 2
2 1 529827 38.1 120 28 4 3 4 2 5 4 4 1 1 5.2 4 5 60 6.5 3 2.3 2 1 03205 00000 00000 2
1 1 529888 37.9 60 15 3 1 4 2 5 4 4 2 2 5.2 4 5 65 7.5 3 2.3 1 1 02305 00000 00000 1
2 1 529821 37.5 48 16 1 1 1 1 1 1 1 1 1 5.2 1 5 37 6.5 3 2.3 1 2 00000 00000 00000 2
1 1 528890 38.9 80 44 3 3 3 2 2 3 3 2 2 7 3 1 54 6.5 3 2.3 2 1 07111 00000 00000 2
2 1 529642 37.2 84 48 3 3 5 2 4 1 2 1 2 5.2 2 1 73 5.5 2 4.1 2 2 04300 00000 00000 1
2 1 529766 38.6 46 28 1 1 2 1 1 3 2 1 1 5.2 4 2 49 9.1 1 1.6 1 2 03111 00000 00000 1
2 1 529461 40.3 114 36 3 3 1 2 2 3 3 2 1 7 1 5 57 8.1 3 4.5 3 1 07400 00000 00000 1
2 1 530438 37.8 48 32 1 1 3 1 2 1 1 1 1 5.2 4 5 37 6.7 3 2.3 1 2 02124 00000 00000 2
2 1 527957 38.5 60 28 2 2 1 1 1 2 2 2 1 5.2 1 1 44 7.7 3 2.3 1 2 00000 00000 00000 2
1 1 528630 37.8 88 22 2 1 2 1 3 3 1 2 1 5.2 4 5 64 8 1 6 2 1 03205 00000 00000 1
2 1 534293 38.2 130 16 4 3 4 2 2 4 4 1 1 5.2 4 5 65 82 2 2 3 2 02209 01400 00000 2
1 1 529667 39 64 36 3 1 4 2 3 3 2 1 2 7 4 5 44 7.5 3 5 1 1 02113 00000 00000 1
1 1 534885 38.1 60 36 3 1 3 1 3 3 2 1 1 5.2 3 4 26 72 2 1 1 1 02208 00000 00000 2
2 1 534784 37.9 72 28 1 1 5 2 3 3 1 1 3 2 3 4 58 74 1 2 1 1 02322 00000 00000 2
2 1 528931 38.4 54 24 1 1 1 1 1 3 1 2 1 5.2 3 2 49 7.2 1 2.3 1 2 03111 00000 00000 1
2 1 530276 38 48 12 1 1 1 1 1 3 1 1 1 5.2 3 2 42 6.3 2 4.1 1 2 03111 00000 00000 1
2 1 528214 37 60 20 3 1 1 1 3 3 3 2 2 4.5 4 4 43 7.6 3 2.3 3 1 02209 00000 00000 1
1 1 529424 37.8 48 28 1 1 1 1 1 2 1 2 1 5.2 1 1 46 5.9 2 7 1 2 00000 00000 00000 1
1 1 528469 38.1 52 24 1 1 5 1 4 3 1 2 3 7 1 5 54 7.5 2 2.6 2 1 02112 00000 00000 1
2 1 534753 38.7 52 20 2 1 1 1 1 1 1 1 1 5.2 1 1 33 77 3 2.3 1 2 00000 00000 00000 2
1 1 527463 37.5 96 18 1 3 6 2 3 4 2 2 3 5 4 4 69 8.9 3 2.3 1 1 02208 00000 00000 1
1 1 527518 36.4 98 35 3 3 4 1 4 3 2 2 1 5.2 4 4 47 6.4 3 3.6 2 1 02205 00000 00000 1
1 1 534756 37.3 40 28 3 3 1 1 2 3 2 3 1 5.2 3 5 36 7.25 3 2 1 1 03111 00000 00000 2
1 1 529849 37.8 60 80 1 3 2 2 2 3 3 2 2 5.5 4 5 40 4.5 2 2.3 1 1 05206 00000 00000 1
2 1 529304 38 54 30 2 3 3 3 3 1 2 2 2 5.2 4 4 45 6.2 3 2.3 1 2 00400 00000 00000 2
1 1 529388 38.1 88 40 3 3 4 2 5 4 3 3 1 5.2 4 5 50 7.7 3 1.4 2 1 04205 00000 00000 1
2 1 529703 39 64 40 1 1 5 1 3 3 2 2 1 5.2 3 3 42 7.5 2 2.3 1 2 05000 00000 00000 1
2 1 529461 40.3 114 36 3 3 1 2 2 3 3 2 1 7 1 5 57 8.1 3 4.5 2 1 03205 00000 00000 1
2 1 530251 38.8 50 20 3 1 1 1 1 1 1 2 1 5.2 3 1 42 6.2 3 2.3 1 2 00000 00000 00000 2
2 1 528729 37.5 48 30 4 1 3 1 3 2 1 1 1 5.2 1 1 48 8.6 3 2.3 1 2 00000 00000 00000 2
1 1 535158 37.3 48 20 3 1 2 1 3 3 3 2 1 5.2 3 5 41 69 3 2.3 1 1 03205 00000 00000 2
1 1 534145 38.1 88 32 3 3 4 1 2 3 3 2 3 1 4 5 55 60 3 2.3 3 2 03205 00000 00000 2
2 1 534135 37.7 44 40 2 1 3 1 1 3 2 1 1 5.2 1 5 41 60 3 2.3 1 2 00000 00000 00000 2
2 1 530002 39.6 108 51 3 3 6 2 2 4 3 1 2 5.2 3 5 59 8 2 2.6 1 2 04300 00000 00000 1
1 9 5292489 38 140 68 1 1 1 1 3 3 2 2 1 5.2 2 1 39 5.3 3 2.3 1 1 07111 00000 00000 2
1 1 527563 37.8 52 24 1 3 3 1 4 4 1 2 3 5.7 2 5 48 6.6 1 3.7 2 1 05400 00000 00000 2
1 1 533696 38.7 60 32 4 3 2 2 4 4 4 2 1 5.2 4 5 53 64 3 2 3 1 03205 00000 00000 2
1 9 5297379 38.4 84 40 3 3 2 1 3 3 3 1 1 5.2 4 5 36 6.6 2 2.8 2 1 02205 00000 00000 1
1 1 527544 38.1 70 16 3 4 5 2 2 3 2 2 1 5.2 4 5 60 7.5 3 2.3 2 1 02112 00000 00000 2
1 1 532349 38.4 44 24 3 1 4 1 5 4 3 2 1 5.2 4 5 50 77 3 2.3 1 1 03205 00000 00000 2
1 1 535208 38 44 12 1 1 1 1 3 3 3 2 1 5.2 4 5 42 65 3 2.3 1 1 03205 03111 00000 2
2 1 5290482 39.5 64 28 3 3 4 2 3 4 3 2 3 5.5 4 5 45 6.7 1 2.3 3 1 04205 00000 00000 2
1 1 533983 36.5 78 30 1 1 1 1 5 3 1 2 1 5.2 4 5 34 75 2 1 1 1 03112 06112 00000 2
2 1 535166 38.1 56 20 2 1 2 1 1 3 1 1 1 5.2 4 5 46 70 3 2.3 1 2 00000 00000 00000 2
1 1 528682 39.4 54 66 1 1 2 1 2 3 2 1 1 5.2 3 4 39 6 2 2.3 1 1 02206 00000 00000 1
1 1 534556 38.3 80 40 3 1 6 2 4 3 1 2 2 5.2 1 4 67 10.2 2 1 3 1 02208 00000 00000 2
2 1 534579 38.7 40 28 2 1 1 1 3 1 1 2 1 5.2 1 5 39 62 1 1 1 2 00000 00000 00000 2
1 1 530360 38.2 64 24 1 1 3 1 4 4 3 2 1 5.2 4 4 45 7.5 1 2 2 1 03205 00000 00000 1
2 1 529840 37.6 48 20 3 1 4 1 1 1 3 2 1 5.2 1 1 37 5.5 3 2.3 3 1 02205 00000 00000 2
1 1 528461 38 42 68 4 1 1 1 3 3 2 2 2 5.2 4 4 41 7.6 3 2.3 1 1 02205 00000 00000 2
1 1 5262541 37.4 50 32 3 3 1 1 4 4 1 2 1 5.2 1 5 45 7.9 2 1 1 1 02208 00000 00000 1
2 1 530670 37.6 88 36 3 1 1 1 3 3 2 1 3 1.5 4 5 44 6 3 2.3 2 1 01400 00000 00000 2
1 1 534572 38 48 20 3 1 3 1 4 3 1 2 1 5.2 3 5 43 73 2 1 1 1 03111 00000 00000 2
1 9 5287179 38.1 136 48 3 3 3 1 5 1 3 2 2 4.4 2 5 33 4.9 2 2.9 2 1 02205 00000 00000 1
2 1 532349 38 56 28 1 2 3 1 1 1 1 1 1 5.2 1 1 42 71 3 2.3 1 2 00000 00000 00000 2
2 1 534491 38 60 32 1 1 1 1 3 3 1 1 1 5.2 4 5 50 7 1 1 1 2 00000 00000 00000 2
1 1 529960 38.1 44 9 3 1 1 1 2 2 1 1 1 5.2 4 5 31 7.3 3 2.3 1 2 05124 00000 00000 2
1 1 530402 38.1 120 28 4 3 6 2 5 4 4 2 1 5.2 4 5 57 4.5 3 3.9 2 1 03205 00000 00000 1
1 1 529424 37.8 48 28 1 1 1 2 1 2 1 2 1 5.2 1 1 46 5.9 2 7 1 2 00000 00000 00000 1
1 1 534519 37.1 84 40 3 3 6 1 2 4 4 3 2 2 4 5 75 81 3 2.3 3 2 01400 00000 00000 2
2 1 535246 38.1 80 32 3 3 2 1 2 3 3 2 1 5.2 3 5 50 80 3 2.3 1 1 00000 00000 00000 2
1 1 534115 38.2 48 28 1 3 3 1 3 4 4 1 3 2 4 5 42 71 3 2.3 1 1 03111 00000 00000 2
2 1 530001 38 44 12 2 1 3 1 3 4 3 1 2 6.5 1 4 33 6.5 3 2.3 2 1 02209 00000 00000 2
1 1 529272 38.3 132 28 3 3 6 2 2 4 2 2 3 6.2 4 4 57 8 3 5.2 1 1 02112 00000 00000 1
1 1 529399 39.3 64 28 4 3 6 2 4 4 2 1 3 4 4 4 75 7.25 3 4.3 2 1 02207 00000 00000 1
1 1 533836 38.1 100 28 3 3 4 2 3 4 4 2 1 2 4 5 68 64 3 2 1 1 02209 00000 00000 2
2 1 528804 38.6 48 20 3 1 1 1 1 3 2 2 1 5.2 3 2 50 7.3 1 2.3 1 2 03111 00000 00000 1
2 1 535163 38.8 48 40 1 1 3 1 3 3 4 2 1 5.2 4 5 41 65 3 2.3 1 1 04124 00000 000000 2
2 1 528247 38 48 20 3 3 4 1 1 4 2 2 1 5 4 2 49 8.3 1 2.3 1 2 00400 00000 00000 1
2 1 528996 38.6 52 20 1 1 1 1 3 3 2 1 1 5.2 1 3 36 6.6 1 5 1 2 00000 00000 00000 1
1 1 533928 37.8 60 24 1 1 3 2 3 4 4 2 3 2 4 5 52 75 3 2.3 3 1 02205 00000 00000 2
2 1 528134 38.1 64 12 1 1 2 1 2 1 2 3 1 5.2 1 3 44 7.5 2 2.3 1 2 00000 00000 00000 1
2 1 535176 39.5 60 10 3 1 1 2 3 3 2 2 1 5.2 3 5 38 56 1 2.3 1 2 00000 00000 00000 2
1 1 533942 38 66 20 1 3 3 1 5 3 1 1 1 5.2 3 5 46 46 3 2 3 1 06209 00000 00000 2
1 1 528523 38.7 76 28 1 1 5 2 3 3 2 2 2 5.2 4 4 50 8 3 2.3 1 1 02208 00000 00000 1
1 1 527916 38.3 40 18 1 1 1 1 3 1 1 2 1 5.2 2 1 43 5.9 1 2.3 1 2 00000 00000 00000 1
1 1 530254 38.4 104 40 1 1 3 1 2 4 2 2 3 6.5 4 4 55 8.5 3 2.3 1 1 02124 00000 00000 2
2 1 527677 39 86 16 3 3 5 1 3 3 3 2 2 5.2 4 5 68 5.8 3 6 2 1 05400 00000 00000 1
1 1 535292 38.5 129 48 3 3 3 1 2 4 3 1 3 2 4 5 57 66 3 2 1 1 02206 00000 00000 2
1 1 529729 38.1 104 28 3 3 5 2 2 4 3 2 3 5.2 4 4 69 8.6 2 3.4 2 1 02207 00000 00000 1
1 1 535130 38.2 60 30 1 1 3 1 3 3 1 2 1 5.2 3 2 48 66 3 2.3 1 1 06112 00000 00000 2
1 1 533968 38.1 60 30 3 3 4 2 5 4 4 1 1 5.2 4 5 45 70 3 2 1 1 06111 03111 00000 2
1 1 530239 38.4 84 30 3 1 5 2 4 3 3 2 3 6.5 4 4 47 7.5 3 2.3 2 1 02300 00000 00000 2
2 1 534857 37.8 56 16 1 1 2 1 2 1 1 2 1 5.2 1 5 44 68 1 1 1 2 00000 00000 00000 2
2 1 534053 38.2 68 32 2 2 2 1 1 1 1 3 1 5.2 1 1 43 65 3 2.3 1 2 00000 00000 00000 2
1 1 527365 38.4 80 30 4 3 1 1 3 3 3 3 3 5.2 4 5 32 6.1 3 4.3 1 1 07209 00000 00000 1
1 1 5299603 38.3 60 16 3 1 1 1 2 1 1 2 2 3 1 4 30 6 1 3 1 1 31110 00000 00000 2
1 1 528742 37.1 40 8 3 1 4 1 3 3 1 1 1 5.2 3 3 23 6.7 3 2.3 1 1 03133 00000 00000 1
1 1 534788 38.2 48 18 1 1 1 1 3 3 3 1 2 5.2 4 5 48 74 1 2 1 1 05111 00000 00000 2
2 1 534163 37.9 88 24 1 1 2 1 2 2 1 2 1 5.2 4 1 37 56 3 2.3 1 2 00000 00000 00000 2
2 1 529628 38.5 60 20 1 1 5 2 2 2 1 2 1 5.2 2 3 63 7.5 2 2.3 3 2 00300 00000 00000 1
2 1 521399 38.5 96 36 3 3 1 2 2 4 2 1 2 5.2 4 5 70 8.5 3 2.3 2 1 01400 00000 00000 1
2 1 534157 38.5 60 40 3 1 2 1 2 1 2 2 1 5.2 3 2 49 59 3 2.3 1 2 00000 00000 00000 2
1 1 528047 37.3 48 12 1 1 3 1 3 1 3 2 1 5.2 3 3 40 6.6 2 2.3 1 1 03205 00000 00000 1
1 1 528641 38.5 86 28 1 1 3 1 4 4 3 2 1 5.2 3 5 45 7.4 1 3.4 2 1 03209 00000 00000 1
2 1 529685 37.2 36 9 1 1 1 1 2 3 1 2 1 5.2 4 1 35 5.7 3 2.3 1 2 31110 00000 00000 2
1 1 529528 39.2 64 23 3 1 3 1 4 4 2 2 1 5.2 4 5 36 6.6 1 3 1 1 03115 00000 00000 1
1 1 535137 38.5 96 30 2 3 4 2 4 4 3 2 1 5.2 3 5 50 65 3 2.3 1 1 06111 03112 00000 2
1 1 535338 37.8 88 80 3 3 5 2 3 3 3 2 3 5.2 4 5 64 89 3 2.3 3 1 03205 00000 00000 2
2 1 534478 37.5 44 10 3 1 1 1 3 1 2 2 1 5.2 3 3 43 51 1 1 1 2 00000 00000 00000 2
1 1 530401 37.9 68 20 3 1 2 1 2 4 2 2 1 5.2 1 5 45 4 3 2.8 2 1 05400 00000 00000 1
1 1 529893 38 86 24 4 3 4 1 2 4 4 1 1 5.2 4 5 45 5.5 1 10.1 2 1 03111 00000 00000 1
1 9 5294369 38.9 120 30 1 3 2 2 3 3 3 3 1 3 4 5 47 6.3 1 2.3 1 2 02124 00000 00000 2
1 1 528183 37.6 45 12 3 1 3 1 3 2 2 2 1 5.2 1 4 39 7 2 1.5 1 1 02112 00000 00000 1
2 1 529183 38.6 56 32 2 1 1 1 1 1 1 2 1 5.2 2 5 40 7 2 2.1 1 2 00000 00000 00000 1
1 1 529135 37.8 40 12 1 1 1 1 1 2 1 2 1 5.2 1 2 38 7 3 2.3 1 1 03111 00000 00000 2
1 1 529736 38.1 52 28 3 3 4 1 3 4 3 2 1 5.2 4 4 37 8.1 3 2.3 1 1 02111 00000 00000 2
1 1 535031 38.5 92 40 4 3 1 1 2 4 3 2 1 5.2 4 5 46 67 2 2 1 1 02208 00000 00000 2
1 1 528800 38.1 112 13 4 4 4 1 2 3 1 2 1 4.5 4 4 60 6.3 3 2.3 1 1 02205 00000 00000 1
1 1 528178 37.7 66 12 1 1 3 1 3 3 2 2 1 5.2 4 4 31.5 6.2 2 1.6 1 1 02208 00000 00000 1
1 1 535392 38.8 50 14 1 1 1 1 3 1 1 1 1 5.2 3 5 38 58 3 2.3 1 1 03111 00000 00000 2
2 1 528931 38.4 54 24 1 1 1 1 1 3 1 2 1 5.2 3 2 49 7.2 1 8 1 2 03111 00000 00000 1
1 1 528503 39.2 120 20 4 3 5 2 2 3 3 1 3 5.2 4 4 60 8.8 3 2.3 2 1 02205 00000 00000 2
1 1 535196 37.3 90 40 3 1 6 2 5 4 3 2 2 5.2 1 5 65 50 3 2 3 1 03205 00000 00000 2
2 1 530028 39.5 92 28 3 3 6 1 5 4 1 2 3 5.2 4 5 72 6.4 3 3.6 2 2 03300 00000 00000 2
1 1 530526 38.3 72 30 4 3 3 2 3 3 3 2 1 5.2 3 5 43 7 2 3.9 1 1 03113 00000 00000 1
2 1 528729 37.5 48 30 4 1 3 1 3 2 1 1 1 5.2 1 1 48 8.6 3 2.3 1 2 00400 00000 00000 2
1 1 528469 38.1 52 24 1 1 5 1 4 3 1 2 3 7 1 5 54 7.5 2 2.6 2 1 02206 00000 00000 1
2 1 533750 37.9 54 42 2 1 5 1 3 1 1 2 1 5.2 4 2 47 54 3 1 1 2 00000 00000 00000 2
2 1 528702 36.1 88 28 3 3 3 1 3 3 2 2 3 5.2 4 4 45 7 3 4.8 3 1 02209 00000 00000 1
1 1 529160 38 90 30 4 3 4 2 5 4 4 2 1 5.2 4 5 55 6.1 3 2.3 2 1 03205 00000 00000 2
1 1 529045 38.2 52 16 1 1 2 1 1 2 1 1 1 5.2 1 5 43 8.1 3 2.3 1 2 00000 00000 00000 1
1 1 530354 38.1 36 32 1 1 4 1 5 3 3 2 3 4 4 4 41 5.9 3 2.3 2 1 02205 00000 00000 2
1 1 530366 37.6 68 32 3 1 3 1 4 2 4 2 2 6.5 1 5 47 7.2 1 2.3 1 1 03209 00000 00000 2
1 1 530170 38.1 88 24 3 3 4 1 5 4 3 2 1 5.2 3 4 41 4.6 3 2.3 2 1 02209 00000 00000 2
1 1 527709 38 108 60 2 3 4 1 4 3 3 2 1 5.2 3 4 45 7.25 3 2.3 1 1 02205 00000 00000 2
1 1 535043 39.3 100 51 4 4 6 1 2 4 1 1 3 2 4 4 66 13 3 2 3 1 02113 00000 00000 2
2 1 527940 36.6 42 18 3 3 2 1 1 4 1 1 1 5.2 4 5 52 7.1 3 2.3 2 1 05111 00000 00000 2
1 9 5291719 38.8 124 36 3 1 2 1 2 3 4 1 1 5.2 4 4 50 7.6 3 2.3 2 1 02208 00000 00000 1
2 1 530561 38.1 112 24 3 3 4 2 5 4 2 2 1 5.2 4 5 40 5.3 3 2.6 1 2 00400 00000 00000 1
1 1 533871 37.5 72 28 2 1 1 1 2 1 1 1 1 5.2 1 5 35 65 2 2 3 1 07209 00000 00000 2
2 1 534719 37.5 52 12 1 1 1 1 2 3 2 2 1 5.2 3 5 36 61 1 1 1 2 00000 00000 00000 2
1 1 527734 40.8 72 42 3 3 1 1 2 3 1 2 1 5.2 4 5 54 7.4 3 2.3 2 1 11400 00000 00000 1
2 1 534933 38 40 25 3 1 1 1 4 3 2 1 1 5.2 4 5 37 69 3 2.3 1 2 00000 00000 00000 2
2 1 529296 38.4 48 16 2 1 1 1 1 3 2 2 1 5.2 4 2 39 6.5 3 2.3 1 2 03111 00000 00000 1
1 1 528743 37.1 75 36 3 1 3 2 4 4 2 2 3 5 4 4 48 7.4 3 3.2 2 1 12208 00000 00000 1
1 1 530478 38.3 44 21 3 1 2 1 3 3 3 2 1 5.2 1 5 44 6.5 2 4.4 1 1 02209 00000 00000 1
2 1 528590 38.1 56 68 3 1 1 1 3 3 1 2 1 5.2 1 5 40 6 3 2.3 3 1 05206 00000 00000 2
2 1 529865 38.6 68 20 2 1 3 1 3 3 2 1 1 5.2 1 5 38 6.5 1 2.3 1 2 05124 00000 00000 1
2 1 527829 38.3 54 18 3 1 2 1 2 3 2 2 3 5.4 4 4 44 7.2 3 2.3 1 2 02124 00000 00000 1
1 1 527883 39.3 64 90 2 3 1 1 3 3 1 1 2 6.5 1 5 39 6.7 3 2.3 1 1 31110 00000 00000 2
1 1 528570 37.5 60 50 3 3 1 1 3 3 2 2 2 3.5 3 4 35 6.5 3 2.3 2 1 02209 00000 00000 2
1 1 534626 37.7 80 28 3 3 6 1 5 4 1 2 3 5.2 3 1 50 55 3 2 1 1 04206 00000 00000 2
1 1 529796 38.1 100 30 3 3 4 2 5 4 4 3 3 5.2 4 4 52 6.6 3 2.3 1 1 02124 00000 00000 2
1 1 528638 37.7 120 28 3 3 3 1 5 3 3 1 1 5.2 4 5 65 7 3 2.3 2 1 04205 00000 00000 1
1 9 5297159 38.8 150 50 1 3 6 2 5 3 2 1 1 5.2 4 5 50 6.2 3 2.3 2 1 04207 00000 00000 2
1 1 534787 38 36 16 3 1 1 1 4 2 2 3 3 2 3 5 37 75 2 1 3 2 03111 00000 00000 2
2 1 528620 36.9 50 40 2 3 3 1 1 3 2 3 1 7 4 5 37.5 6.5 3 2.3 1 2 03111 00000 00000 2
2 1 528019 37.8 40 16 1 1 1 1 1 1 1 2 1 5.2 1 1 37 6.8 3 2.3 1 2 00000 00000 00000 2
2 1 529172 38.2 56 40 4 3 1 1 2 4 3 2 2 7.5 4 5 47 7.2 1 2.5 1 2 08300 00000 00000 1
2 1 530624 40 78 28 3 3 5 1 2 3 1 1 1 5.2 4 1 66 6.5 3 2.3 2 1 08400 00000 00000 1
1 1 527544 38.1 70 16 3 4 5 2 2 3 2 2 1 5.2 4 5 60 7.5 3 2.3 2 1 01400 00000 00000 2
2 1 530439 38.5 54 28 1 1 1 1 3 1 1 2 1 5.2 1 5 40 6.8 2 7 1 2 00000 00000 00000 1
1 1 5283431 38.5 66 24 1 1 1 1 3 3 1 2 1 5.2 4 5 40 6.7 1 2.3 1 1 31110 00000 00000 1
1 1 529126 38 50 36 3 1 1 1 3 2 2 2 1 5.2 3 5 39 6.6 1 5.3 1 1 08400 00000 00000 1
1 1 528890 38.9 80 44 3 3 3 1 2 3 3 2 2 7 3 1 54 6.5 3 2.3 2 1 07111 00000 00000 2
1 1 530034 37 66 20 1 3 2 1 4 3 3 1 1 5.2 1 5 35 6.9 2 2.3 2 1 31110 00000 00000 2
2 1 533902 38.5 40 16 1 1 1 1 2 1 1 2 1 5.2 3 2 37 67 3 2.3 1 2 00000 00000 00000 2
2 1 527702 37.2 72 24 3 2 4 2 4 3 3 3 1 5.2 4 4 44 7.25 3 3.3 3 1 02208 00000 00000 1
1 1 529386 37.5 72 30 4 3 4 1 4 4 3 2 1 5.2 3 5 60 6.8 3 2.3 2 1 03205 00000 00000 2
1 1 530612 36.5 100 24 3 3 3 1 3 3 3 3 1 5.2 4 4 50 6 3 3.4 1 1 02208 00000 00000 1
2 1 528626 38.5 54 20 3 1 2 2 3 4 1 2 2 5.9 4 2 42 6.3 3 2.3 1 2 03111 00000 00000 1
1 1 535263 37.7 44 28 3 4 3 2 5 4 4 1 1 5.2 3 5 45 70 3 2 1 1 03205 00000 00000 2
1 1 534523 37 56 24 3 1 4 2 4 4 3 1 1 5.2 4 5 35 61 3 2 3 2 02205 02208 00000 2
2 1 527642 38.4 80 60 3 2 2 1 3 2 1 2 2 5.2 1 1 54 6.9 3 2.3 1 2 00000 00000 00000 2
2 1 5279821 37.8 48 12 2 1 2 1 3 3 1 2 1 5.2 2 5 48 7.3 1 2.3 1 2 00000 00000 00000 1
2 1 5275211 37.9 45 36 3 3 3 2 2 3 1 2 1 5.2 3 5 33 5.7 3 2.3 1 1 02205 00000 00000 1
2 1 5278332 39 84 12 3 1 5 1 2 4 2 1 2 7 4 4 62 5.9 2 2.2 2 1 02208 00000 00000 1
2 1 528959 38.2 60 24 3 1 3 2 3 3 2 3 3 5.2 4 4 53 7.5 2 1.4 1 2 01124 00000 00000 1
1 1 528999 37.9 120 60 3 3 3 1 5 4 4 2 2 7.5 4 5 52 6.6 3 1.8 2 1 03205 00000 00000 1
2 1 528067 38 72 36 1 1 3 1 3 3 2 2 1 5.2 3 5 38 6.8 2 2 1 2 03124 00000 00000 1
2 9 5291329 38 92 28 1 1 2 1 1 3 2 3 1 7.2 4 5 37 6.1 1 1.1 1 2 00000 00000 00000 1
1 1 529478 38.3 66 30 2 3 1 1 2 4 3 3 2 8.5 4 5 37 6 3 2.3 1 1 05111 00000 00000 2
2 1 529991 37.5 48 24 3 1 1 1 2 1 1 1 1 5.2 3 2 43 6 1 2.8 1 2 07111 00000 00000 1
1 1 528369 38.3 80 28 3 3 4 2 5 4 3 2 1 5.2 4 4 45 7.5 2 4.6 1 1 03209 00000 00000 1
2 1 530107 37.5 40 32 3 1 3 1 3 2 3 2 1 5.2 4 5 32 6.4 1 1.1 1 1 03124 00000 00000 1
1 1 530239 38.4 84 30 3 1 5 2 4 3 3 2 3 6.5 4 4 47 7.5 3 2.3 2 1 06111 00000 00000 2
1 1 530505 38.1 84 44 4 1 4 2 5 3 1 1 3 5 4 4 60 6.8 3 5.7 2 1 02209 00000 00000 1
2 1 529597 38.1 44 40 2 1 3 1 3 3 1 2 1 5.2 1 3 35 6.8 3 2.3 1 2 00000 00000 00000 2
2 1 534429 38.4 52 20 2 1 3 1 1 3 2 2 1 5.2 3 5 41 63 1 1 1 2 00000 00000 00000 2
1 1 529629 38.2 60 28 1 1 3 1 2 1 1 1 1 5.2 4 4 43 6.2 2 3.9 1 1 02206 00000 00000 1
2 1 528382 37.7 40 18 1 1 1 1 3 2 1 1 1 5.2 3 3 36 3.5 3 2.3 1 2 00400 00000 00000 2
2 1 529615 37.8 48 16 1 1 1 1 3 1 1 2 1 5.2 4 3 43 7.5 3 2.3 1 2 00000 00000 00000 2
1 1 526090 39 120 28 4 3 5 2 2 4 3 2 3 8 4 5 65 8.2 3 4.6 1 2 05110 00000 00000 2
1 1 529765 38.2 76 28 2 3 2 1 5 3 3 1 2 6 1 5 35 6.5 2 0.9 1 1 03205 00000 00000 1
2 1 533889 38.2 42 16 1 1 3 1 1 3 1 2 1 5.2 1 5 35 60 1 1 1 2 00000 00000 00000 2
2 1 533815 38 56 44 3 3 3 1 3 1 1 2 1 5.2 4 5 47 70 2 1 1 2 00000 00000 00000 2
1 1 5262542 38.1 48 96 1 1 3 1 3 4 1 2 1 5.2 1 4 42 8 1 2.3 1 1 02208 00000 00000 2
1 1 528268 37.7 55 28 2 1 2 1 2 3 3 2 3 5 4 5 45 7.25 3 2.3 1 1 03209 00000 00000 2
2 1 528919 36 100 20 4 3 6 2 2 4 3 1 1 5.2 4 5 74 5.7 2 2.5 3 1 03205 00000 00000 1
1 1 527494 37.1 60 20 2 1 4 1 3 3 3 2 2 5 3 4 64 8.5 2 2.3 1 1 07111 00000 00000 1
1 1 533954 38.1 72 30 3 3 3 1 4 4 3 2 1 5.2 3 5 37 56 3 1 1 1 04206 00000 00000 2
1 1 5281092 37 44 12 3 1 1 2 1 1 1 2 1 5.2 4 2 40 6.7 3 8 1 1 02208 00000 00000 2
1 1 534475 38.1 82 72 3 1 4 1 2 3 3 2 3 5.2 4 4 53 65 3 2 3 1 02209 03205 00000 2
1 9 5274919 38.2 78 60 4 4 6 1 3 3 3 2 1 5.2 1 5 59 5.8 3 3.1 2 1 01400 00000 00000 1
2 1 533815 37.8 60 16 1 1 3 1 2 3 2 1 2 5.2 3 5 41 73 3 2.3 3 2 04124 00000 00000 2
1 1 514279 38.1 36 12 1 1 1 1 1 2 1 1 1 5.2 1 5 44 7.25 3 2.3 1 1 31110 00000 00000 1
2 1 527465 37.4 54 18 3 1 1 1 3 4 3 2 2 5.2 4 5 30 7.1 2 2.3 1 1 07111 00000 00000 1
1 1 535337 36.6 48 16 3 1 3 1 4 1 1 1 1 5.2 4 5 27 56 3 2.3 3 1 04206 00000 00000 2
1 1 534111 38.5 90 28 1 1 3 1 3 3 3 2 3 2 4 5 47 79 3 2.3 1 1 06112 00000 00000 2
1 1 530576 38.1 75 12 1 1 4 1 5 3 3 2 3 5.8 4 5 58 8.5 1 2.3 1 1 02209 00000 00000 1
2 1 529930 38.2 42 28 3 1 1 1 1 1 2 2 1 5.2 3 2 35 5.9 2 2.3 1 2 03113 00000 00000 2
1 9 5274919 38.2 78 60 4 4 6 1 3 3 3 2 1 5.2 1 5 59 5.8 3 3.1 2 1 02205 00000 00000 1
2 1 529695 38.6 60 30 1 1 3 1 4 2 2 1 1 5.2 4 5 40 6 1 2.3 1 1 03205 00000 00000 2
2 1 528452 37.8 42 40 1 1 1 1 1 3 1 2 1 5.2 3 3 36 6.2 3 2.3 1 2 04124 00000 00000 2
1 1 534783 38 60 12 1 1 2 1 2 1 1 1 1 5.2 1 4 44 65 3 2 3 1 02209 00000 00000 2
2 1 530670 37.6 88 36 3 1 1 1 3 3 2 1 3 1.5 4 5 44 6 3 2.3 2 1 02112 00000 00000 2
