2 1 530101 38.5 66 28 3 3 1 2 5 4 4 2 2 3 3 5 45 8.4 1 3 2 2 11300 00000 00000 2
1 1 534817 39.2 88 20 1 1 4 1 3 4 2 2 2 3.00000000002154 4 2 50 85 2 2 3 2 02208 00000 00000 2
2 1 530334 38.3 40 24 1 1 3 1 3 3 1 2 2 3.00000000002437 1 1 33 6.7 1 3.00000000001218 1 2 00000 00000 00000 1
1 9 5290409 39.1 164 84 4 1 6 2 2 4 4 1 2 5 3 2 48 7.2 3 5.3 2 1 02208 00000 00000 1
2 1 530255 37.3 104 35 1 1 6 2 1 1 1 2 2 3.00000000000002 1 1 74 7.4 1 3.00000000000001 2 2 04300 00000 00000 2
2 1 528355 38.8476816864865 89.4904140151759 34.3586371250379 2 1 3 1 2 3 2 2 1 5.97818812587455 3 3 49.0783391026969 7.03977662024717 2 3.79129732089228 1 2 00000 00000 00000 2
1 1 526802 37.9 48 16 1 1 1 1 3 3 3 1 1 5.33982143688693 3 5 37 7 1 3.37052854021329 1 1 03124 00000 00000 2
1 1 529607 38.443818128685 60 20.0068061233635 3 1 1 1 1 4 2 2 1 3.8013612246727 3 4 44 8.3 1 3.39930372219509 2 1 02208 00000 00000 2
2 1 530051 38.3000000000006 80 36 3 4 3 1 4 4 4 2 1 3.00000000000326 3 5 38 6.2 1 3.00000000000163 3 1 03205 00000 00000 2
2 9 5299629 38.3 90 16.0000000047651 1 1 1 1 5 3 1 2 1 3.00000000095303 3 1 40 6.2 1 2.2 1 2 00000 00000 00000 1
1 1 528548 38.1 66 12 3 3 5 1 3 3 1 2 1 3 2 5 44 6 2 3.6 1 1 02124 00000 00000 1
2 1 527927 39.1 72 52 2 1 2 1 2 1 2 1 1 6.16939567526568 4 4 50 7.8 3 3.92985849681578 1 1 02111 00000 00000 2
1 1 528031 37.2 42 12 2 1 1 1 3 3 3 3 1 3.79150126541362 4 5 35.1391568592773 7 1 3.22665902655156 1 2 04124 00000 00000 2
2 9 5291329 38 92 28 1 1 2 1 1 3 2 3 2 7.2 1 1 37 6.1 1 4.26174381135566 2 2 00000 00000 00000 1
1 1 534917 38.2 76 28 3 1 1 1 3 4 1 2 2 3.00000000002159 4 4 46 81 1 2 1 1 02112 00000 00000 2
1 1 530233 37.6 96 48 3 1 4 1 5 3 3 2 3 4.5 4 1 45 6.8 1 3.00000000000084 2 1 03207 00000 00000 2
1 9 5301219 38.30000000003 128 36 3 3 4 2 4 4 3 3 2 3.00000000017154 4 5 53 7.8 3 4.7 2 2 01400 00000 00000 1
2 1 526639 37.5 48 24 2 2 2 1 2 3 1 2 2 4.55684406476343 2 2 41.6858789444447 6.40223313178256 1 3.54740054473354 1 2 00000 00000 00000 2
1 1 5290481 37.6 64 21 1 1 2 1 2 3 1 1 1 3.55711968213824 2 5 40 7 1 3.20172952279947 1 1 04205 00000 00000 1
2 1 532110 39.4 110 35 4 3 6 1 1 3 3 2 2 3.00000000003049 1 1 55 8.7 1 3.00000000001525 1 2 00000 00000 00000 2
1 1 530157 39.9 72 60 1 1 5 2 5 4 4 3 1 3.0000000001864 4 4 46 6.1 2 3.0000000000932 1 1 02111 00000 00000 2
2 1 529340 38.4 48 16 1 1 1 1 1 3 1 2 3 5.5 4 3 49 6.8 2 4.49076443999934 1 2 00000 00000 00000 2
1 1 521681 38.6 42 34 2 1 4 1 2 3 1 1 3 5.66794208258556 1 2 48 7.2 1 3.42226966708526 1 1 03111 00000 00000 2
1 9 534998 38.3 130 60 1 3 1 1 2 4 1 2 2 3.00000000001491 1 1 50 70 1 3.00000000000745 1 1 03111 00000 00000 2
1 1 533692 38.1 60 12 3 3 3 1 1 4 3 3 2 2 1 1 51 65 1 3.00000000000544 1 1 03111 00000 00000 2
2 1 529518 37.8 60 42 1 1 1 1 1 1 1 2 2 4.60972468055164 1 1 35.7409066940472 6.60857923115069 1 3.80075194365594 1 2 00000 00000 00000 2
1 1 530526 38.3 72 30 4 3 3 2 3 3 3 2 1 3.000000000011 3 5 43 7 2 3.9 1 1 03111 00000 00000 1
1 1 528653 37.8 48 12 3 1 1 1 1 3 2 1 1 3.48531980408328 1 3 37 5.5 2 1.3 1 2 04122 00000 00000 1
1 1 5279442 39.078963428343 81.0366702133762 23.7927920221128 2 1 1 1 1 1 1 1 2 4.55827552638841 1 1 40.5178088459646 6.81797870272767 1 3.58416336524257 2 2 04300 00000 00000 2
2 1 535415 37.7 48 16.0000000001016 2 1 1 1 1 1 1 1 1 3.00000000002033 1 1 45 76 1 3.00000000001016 1 2 00000 00000 00000 2
2 1 529475 37.7 96 30 3 3 4 2 5 4 4 3 2 4 4 5 66 7.5 2 4.15612055159005 2 1 04205 00000 00000 2
2 1 530242 37.2 108 12 3 3 4 2 2 4 2 2 3 6 3 3 52 8.2 3 7.4 3 1 02207 00000 00000 1
1 1 529427 37.2 60 24.0709808500814 2 1 1 1 3 3 3 2 1 4.61419616543596 4 5 43 6.6 1 3.64894552285909 1 1 02209 00000 00000 2
1 1 529663 38.2 64 28 1 1 1 1 3 1 1 2 2 3.95023143762727 4 4 49 8.6 2 6.6 1 1 02208 00000 00000 1
1 1 529796 38.3040768985558 100 30 3 3 4 2 5 4 4 3 3 3.02329655853056 4 4 52 6.6 1 3.01164827895259 1 1 01124 00000 00000 2
2 1 528812 40.1869389532975 104 24 4 3 3 2 4 4 3 2 3 6.77387799470176 1 2 73 8.4 2 4.41520420001159 3 1 07111 00000 00000 2
2 1 529493 38.3 112 16 1 3 5 2 1 1 1 1 2 4.32272713309408 1 5 51 6 2 1 3 2 05205 00000 00000 1
1 1 533847 37.8 72 16.0000000000582 1 3 1 1 5 3 1 2 1 3.00000000001164 1 1 56 80 1 2 1 1 03111 00000 00000 2
2 1 528996 38.6 52 32.0385570783241 1 1 1 1 3 3 2 1 1 5.88092129534288 1 3 32 6.6 1 5 1 2 00000 00000 00000 1
1 9 5277409 39.2 146 96 1 2 2 1 3 3 4 2 2 7.07446803611385 2 2 51.8333679822515 7.20404873199188 2 3.17520850465687 2 1 02113 00000 00000 2
1 1 529498 39.2689437597463 88 25.6894379788329 3 3 6 2 5 3 3 1 3 4.93788759575933 4 5 63 6.5 3 3.72670786306982 2 1 04205 00000 00000 2
2 9 5288249 39 150 72 1 1 1 1 1 1 1 2 2 4.07233122340366 1 1 47 8.5 1 0.1 1 1 09400 00000 00000 1
2 1 530301 38 60 12 3 1 3 1 3 3 1 1 1 3.00000000000802 2 2 47 7 1 3.00000000000401 1 2 03111 00000 00000 2
1 1 534069 38.3000000000011 120 16.0000000000326 3 4 4 1 4 4 4 1 1 3.00000000000652 1 5 52 67 2 2 3 1 03205 00000 00000 2
1 1 535407 35.4 140 24 3 3 4 2 4 4 1 2 1 3.00000000001018 1 5 57 69 3 2 3 1 03205 00000 00000 2
2 1 529827 38.3000003245033 120 16.0000092684229 4 3 4 2 5 4 4 1 1 3.00000185368458 4 5 60 6.5 3 3.00000092680058 2 1 03205 00000 00000 2
1 1 529888 37.9 60 15 3 1 4 2 5 4 4 2 2 3.00000706849934 4 5 65 7.5 1 3.00000353424939 1 1 02305 00000 00000 1
2 1 529821 37.5 48 16 1 1 1 1 1 1 1 1 1 3.00004034596355 1 1 37 6.5 1 3.00002017298133 1 2 00000 00000 00000 2
1 1 528890 38.9 80 44 3 3 3 2 2 3 3 2 2 7 3 1 54 6.5 3 4.30625153115133 2 1 07111 00000 00000 2
2 1 529642 37.2 84 48 3 3 5 2 4 1 2 1 2 3.00049945118213 2 1 73 5.5 2 4.1 2 2 04300 00000 00000 1
2 1 529766 38.6 46 16.0003983071 1 1 2 1 1 3 2 1 1 3.00007966142001 1 2 49 9.1 1 1.6 1 2 03111 00000 00000 1
1 1 527706 37.4 84 36 1 1 3 2 3 3 2 1 2 4.67470065478281 4 5 41.3004473178373 6.86547637360827 3 3.6227598770903 2 1 07209 00000 00000 1
2 1 529483 39.2017891045543 84.3428576979537 25.0226444432452 1 1 3 1 1 3 1 2 2 4.80452888864744 2 2 43 7.7 1 3.67688115622958 1 2 03111 00000 00000 2
2 1 530544 38.6 40 20 1 1 1 1 1 1 1 2 2 3.00000000000872 1 1 41 6.4 1 3.00000000000436 1 2 03111 00000 00000 1
2 1 529461 40.3 114 36 3 3 1 2 2 3 3 2 1 7 1 5 57 8.1 3 4.5 3 1 07400 00000 00000 1
1 9 5282839 38.6 160 20 3 2 5 1 3 3 4 3 1 5.78969603742951 4 2 38 7.46459020701752 2 4.04613566567993 2 1 07111 00000 00000 1
1 1 528872 38.5528718993146 75.7676929020472 24.5902132575984 1 1 1 1 1 1 1 2 2 4.17505267040423 1 1 24 6.7 1 3.07602877118121 1 1 03112 00000 00000 2
1 1 529640 38.3002117325816 64 36 2 1 2 1 5 3 3 2 2 3.00042497061216 1 1 42 7.7 1 3.00015965348896 2 1 03209 00000 00000 2
1 1 528298 38.2832660247208 118.325897231315 20 4 3 3 1 5 4 3 2 2 7.36655823197047 4 4 53 5.9 3 2.24027611384512 2 1 03205 00000 00000 1
2 1 528904 40.0035609645621 96 35.3617837395014 3 3 3 2 5 4 4 1 2 6.66397032089534 4 5 60 7.83817021322462 2 4.23405496246501 2 1 04205 00000 00000 2
2 1 530438 37.8 48 32 1 1 3 1 2 1 1 1 1 3.00000000002479 4 5 37 6.7 1 3.0000000000124 1 2 02124 00000 00000 2
2 1 527957 38.5 60 25.8299862834355 2 2 1 1 1 2 2 2 1 4.70219662065577 1 1 44 7.7 3 3.58499392258729 1 2 00000 00000 00000 2
1 1 528630 37.8 88 22 2 1 2 1 3 3 3 2 2 6.61472438737394 4 2 64 8 1 6 2 1 03205 00000 00000 1
2 1 534293 38.2 130 16 4 3 4 2 2 4 4 1 1 3.00000000002125 1 1 65 82 2 2 3 2 02209 01400 00000 2
1 1 529667 39 64 36 3 1 4 2 3 3 2 1 2 7 4 5 44 7.5 3 5 1 1 02113 00000 00000 1
1 1 534885 38.3000000000034 60 36 3 1 3 1 3 3 2 1 1 3.00000000001958 3 4 26 72 2 1 1 1 02208 00000 00000 2
2 1 534784 37.9 72 16.0000000000846 1 1 5 2 3 3 1 1 3 2 3 4 58 74 1 2 1 1 02322 00000 00000 2
2 1 528931 38.4 54 24 1 1 1 1 1 3 1 2 1 5.5424538885558 3 2 49 7.2 1 3.27435309476837 1 2 03111 00000 00000 1
2 1 529777 38.3004192843552 52 16 1 1 3 1 1 1 1 2 3 5.5 1 1 55 7.2 1 3.00119795505365 1 2 02124 00000 00000 2
2 1 530276 38 48 12 1 1 1 1 1 3 1 1 1 3.00000000000791 3 2 42 6.3 2 4.1 1 2 03111 00000 00000 1
2 1 528214 37 60 20 3 2 2 1 3 3 3 2 2 4.5 4 4 43 7.6 3 2.60905621932223 3 1 02209 00000 00000 1
1 1 529424 37.8 48 28 1 1 1 1 1 2 1 2 2 5.22393705757263 1 1 46 5.9 2 7 1 2 00000 00000 00000 1
1 1 5299253 37.7 56 16.0000000125926 1 1 1 1 1 1 1 2 2 3.00000000251853 1 1 30.0000000088148 6.00000000094445 1 3.00000000125926 2 1 02113 00000 00000 2
1 1 528469 38.1 52 24 1 1 5 1 4 3 1 2 3 7 1 2 54 7.5 2 2.6 2 1 02112 00000 00000 1
1 9 5292929 38.3206693473019 60.5580723771519 16.2066934730193 1 1 1 1 1 1 1 2 2 3.04133869460385 1 1 37 4.9 1 3.01550201047643 2 1 11124 00000 00000 2
1 9 534092 39.7 100 16.0000000001212 3 3 5 2 2 3 1 2 2 3.00000000002425 1 1 48 57 2 2 3 1 01400 00000 00000 2
1 1 534615 37.6 38 20 3 3 1 1 3 3 2 2 2 3.0000000000071 3 1 37 68 1 3.00000000000355 1 1 03205 00000 00000 2
2 1 534753 38.7 52 20 2 1 1 1 1 1 1 1 1 3.00000000002022 1 1 33 77 1 3.00000000001011 1 2 00000 00000 00000 2
1 1 530693 38.3000000000026 60.0000000000147 16.0000000000736 3 3 3 3 5 3 3 3 2 3.00000000001473 4 5 46 5.9 1 3.00000000000736 2 1 03025 00000 00000 2
1 1 527463 37.5 96 18 1 3 6 2 3 4 2 2 3 5 2 4 69 8.9 3 3.12554611198151 1 1 02208 00000 00000 1
1 1 527518 36.4 98 35 3 3 4 1 4 3 2 2 2 5.99785352696673 4 4 47 6.4 3 3.6 2 1 02205 00000 00000 1
1 1 534756 37.3 40 16.0000000000679 1 3 1 1 2 3 2 3 1 3.00000000001357 3 5 36 6.00000000000509 3 2 1 1 03111 00000 00000 2
1 9 5290759 38.1 100 80 3 1 2 1 3 4 1 2 1 5.79459291629734 1 2 36 5.7 2 3.60352457493791 1 1 03111 00000 00000 2
1 1 5279822 38 117.87830590534 24 3 3 6 2 5 3 4 1 1 7.33505391680034 3 2 68 7.8 3 2.14260154915215 2 1 03205 00000 00000 2
1 1 529849 37.8 60 80 1 3 2 2 2 3 3 2 2 5.5 4 1 40 4.5 2 3.00000000000113 1 1 05206 00000 00000 1
2 1 529304 38 54 30 2 3 3 3 3 1 2 2 2 5.82034231513551 1 4 45 6.2 2 4.30414131495632 1 2 00400 00000 00000 2
1 1 529388 40.0197141683022 88 40 3 3 4 2 5 4 3 3 1 6.43942846025002 4 5 50 7.7 3 1.4 2 1 04205 00000 00000 1
2 1 528006 39.3130010073146 40 16 1 2 1 1 1 2 2 1 1 5.63898203899108 1 2 50 7 2 3.9 3 1 02208 00000 00000 1
2 1 529703 39 64 40 1 1 5 1 3 3 2 2 1 3.00000170325133 3 3 42 7.5 2 2.3 1 2 05000 00000 00000 1
2 1 535381 38.3 42 10 1 1 1 1 1 1 1 2 2 3.0000000000201 1 1 38 61 1 3.00000000001005 1 2 00000 00000 00000 2
2 1 534197 38 52 16 1 1 1 1 2 1 1 2 3 1 1 1 53 86 1 3.00000000000707 1 1 02322 00000 00000 2
2 1 529461 40.3 114 36 3 3 1 2 2 3 3 2 1 7 1 5 57 8.1 3 4.5 2 1 03205 00000 00000 1
2 1 530251 38.8 50 20 3 1 1 1 1 1 1 2 1 3.00000000002414 3 1 42 6.2 1 3.00000000001207 1 2 00000 00000 00000 2
2 1 530310 38.3000000000004 60.0000000000023 16.0000000000115 3 3 1 1 5 3 3 1 1 3.00000000000231 4 5 38 6.5 1 3.00000000000115 2 1 03205 00000 00000 2
2 1 528729 37.5 48 30 4 1 3 1 1 2 1 1 1 5.65437352958456 1 1 48 8.6 2 3.63864245575909 1 2 00000 00000 00000 2
1 1 535158 37.3 48 20 1 1 2 1 3 3 3 2 1 3.00000000000892 3 5 41 69 1 3.00000000000446 1 1 03205 00000 00000 2
2 1 530319 38.3000000000015 84 36 1 1 3 1 1 3 1 2 1 3.00000000000861 3 2 44 8.5 1 3.00000000000431 1 1 03111 00000 00000 2
1 1 534145 38.1 88 32 3 3 4 1 2 3 3 2 3 1 4 5 55 60 1 3.00000000000326 3 2 03205 00000 00000 2
2 1 534135 37.7 44 40 2 1 3 1 1 3 2 1 1 3.00000000002188 1 5 41 60 1 3.00000000001094 1 2 00000 00000 00000 2
2 1 530002 39.6 108 51 3 3 6 2 2 4 3 1 2 3.00000000000004 3 5 59 8 2 2.6 1 2 04300 00000 00000 1
1 1 535364 38.2 40 16 3 3 1 1 1 3 1 2 2 3.00000000002042 1 1 34 66 1 3.00000000001021 1 2 00000 00000 00000 2
1 1 534899 38.3000000000016 60 20 4 3 4 2 5 4 1 2 1 3.00000000000906 4 5 30.0000000000317 6.0000000000034 1 3.00000000000453 3 1 03205 00000 00000 2
2 1 534938 38.3 40 16 3 1 1 1 2 1 1 2 2 3.00000000002012 1 1 37 57 1 3.00000000001006 1 2 00000 00000 00000 2
1 9 5292489 38 140 68 1 1 1 1 3 3 2 2 2 4.9361771637654 2 1 39 5.3 1 3.72606643514357 1 1 07111 00000 00000 2
1 1 527563 37.8 52 24 1 3 3 1 4 4 1 2 3 5.7 2 5 48 6.6 1 3.7 2 1 05400 00000 00000 2
1 1 530381 38.3 70 36 1 1 3 2 2 3 2 2 2 3 4 5 36 7.3 1 3 1 1 31110 00000 00000 2
1 1 528668 38.3 52 96 1 3 3 1 3 3 4 1 1 6.72639439072913 1 2 43 6.1 2 2.62011901174383 1 1 03209 00000 00000 1
2 1 529764 37.3 50 32 1 1 3 1 1 3 2 2 2 3.04557120912793 1 1 44 7 1 3.02278560401569 1 2 00000 00000 00000 2
1 1 533696 38.7 60 32 4 3 2 2 4 4 4 2 2 3.00000000000511 4 5 53 64 3 2 3 1 03205 00000 00000 2
1 9 5297379 38.4 84 40 3 3 2 1 3 3 3 1 1 3.15646277083674 1 1 36 6.6 2 2.8 2 1 02205 00000 00000 1
1 1 527544 38.308222046434 70 16 3 4 5 2 2 3 2 2 1 5.1581414633885 4 5 60 7.5 2 3.66501456947116 2 1 02112 00000 00000 2
1 1 533736 38.3 40 16 3 1 1 1 1 3 2 2 2 3.00000000001167 1 1 38 58 1 2 1 1 03111 07111 00000 2
1 1 534963 38.3000000000025 40 16.0000000000711 2 1 1 1 1 3 1 1 1 3.00000000001422 1 5 39 56 1 3.00000000000711 1 1 03111 00000 00000 2
1 1 527933 36.8 60 28 1 1 1 1 1 1 1 1 2 5.03335274222049 1 1 41.5809263499159 6.61625587020593 1 10 2 1 03205 00000 00000 1
1 1 532349 38.4 44 24 3 1 4 1 5 4 3 2 1 3.0000000000049 4 5 50 77 1 3.00000000000245 1 1 03205 00000 00000 2
2 1 533723 38.3000000000039 60.0000000000224 40 3 1 1 1 3 3 2 2 2 3.00000000002239 1 1 45 70 1 3.0000000000112 1 2 00000 00000 00000 2
1 1 535208 38 44 12 1 1 1 1 3 3 3 2 1 3.00000000000935 4 5 42 65 1 3.00000000000468 1 1 03205 03111 00000 2
2 1 5290482 39.5 105.482970642688 33.090121971168 3 3 4 2 3 4 3 2 3 5.5 4 5 52.651640639592 6.7 1 4.23122150220537 3 1 04205 00000 00000 2
1 1 533983 36.5 78 30 1 1 1 1 5 3 1 2 1 3.00000000001114 1 1 34 75 2 1 1 1 03112 06112 00000 2
2 1 535166 38.1 56 20 2 1 2 1 1 3 1 1 1 3.00000000002078 1 1 46 70 1 3.00000000001039 1 2 00000 00000 00000 2
1 1 528682 39.4 54 66 1 1 2 1 2 3 2 1 1 6.46653732429965 3 4 39 6 2 3.86310833011009 1 1 02206 00000 00000 1
1 1 534556 38.3 80 40 1 1 6 2 4 3 1 2 2 3.00000000002209 1 4 67 10.2 2 1 3 1 02208 00000 00000 2
2 1 534579 38.7 40 28 2 1 1 1 3 1 1 2 2 3.00000000002002 1 1 39 62 1 1 1 2 00000 00000 00000 2
1 1 530360 38.2 64 24 1 1 3 1 4 4 3 2 1 3.0000000000026 4 4 45 7.5 1 2 2 1 03205 00000 00000 1
2 1 529840 37.6 48 20 3 1 4 1 1 1 3 2 1 3.00003140642329 1 1 37 5.5 1 3.00001570321129 3 1 02205 00000 00000 2
1 1 528461 38 42 68 4 1 1 1 3 3 2 2 2 5.94032412743269 4 4 41 7.6 3 3.61124800126343 1 1 02205 00000 00000 2
1 1 530384 38.7 60 16 3 1 3 1 5 4 2 2 2 3 1 1 33 6.5 2 3 1 1 31110 00000 00000 2
1 1 5262541 37.4 50 32 3 3 2 1 4 4 1 2 1 5.61906887358132 1 2 45 7.9 2 1 1 1 02208 00000 00000 1
1 1 535330 37.4 84 20 1 1 3 1 2 3 3 2 2 3.00000000001926 1 1 31 61 1 1 3 2 02208 00000 00000 2
1 1 527698 38.4 49 21.075443732645 2 1 1 1 1 1 1 2 1 3.86479702726277 1 2 44 7.6 1 3.22876670245939 1 1 02206 00000 00000 2
1 1 528964 37.8 30 12 1 1 1 1 1 1 1 2 2 4.53848569105506 1 1 36.4807426001616 6.54833728405982 1 3.54238600815393 2 1 02113 00000 00000 2
2 1 530670 37.6 88 36 3 1 1 1 3 3 2 1 3 1.5 1 1 44 6 1 3.00000000001066 2 1 01400 00000 00000 2
1 1 534572 38 48 20 3 1 3 1 4 3 1 2 1 3.00000000001351 3 5 43 73 2 1 1 1 03111 00000 00000 2
2 1 530294 37.9 40 24 1 1 1 1 2 3 1 2 2 3.00000000002238 1 3 40 5.7 1 3.00000000001119 1 1 00400 00000 00000 2
1 1 527524 38.2857260948652 100 26.0883019874996 3 2 4 2 5 4 1 2 3 5.82893833434369 2 2 59 6.3 1 3.80362897755022 2 1 04205 00000 00000 2
1 9 5287179 38.1 136 48 3 3 3 1 5 1 3 2 2 4.4 2 2 33 4.9 2 2.9 2 1 02205 00000 00000 1
1 1 530693 38.3000000000025 60.0000000000144 16.0000000000719 3 3 3 2 5 3 3 3 2 3.00000000001438 4 5 46 5.9 1 3.00000000000719 2 1 03025 00000 00000 2
1 1 534324 38 48 16.000000000066 1 1 1 1 1 2 4 2 2 3.0000000000132 4 5 30.0000000000462 6.00000000000495 1 3.0000000000066 1 1 03111 00000 00000 2
2 1 532349 38 56 16.0000000001079 1 2 3 1 1 1 1 1 1 3.00000000002158 1 1 42 71 1 3.00000000001079 1 2 00000 00000 00000 2
2 1 534491 38 60 32 1 1 1 1 3 3 1 1 1 3.00000000002095 1 1 50 7 1 1 1 2 00000 00000 00000 2
1 1 529960 38.1 44 9 3 1 1 1 2 2 1 1 1 3 4 5 31 7.3 1 3 1 2 05124 00000 00000 2
2 1 522979 36 42 30 2 2 5 1 3 3 1 2 3 5.16710995528625 2 2 64 6.8 1 3.53735294267251 2 2 01400 00000 00000 2
1 1 530402 38.300000000001 120 16.0000000000273 4 3 6 2 5 4 4 2 2 3.00000000000547 4 5 57 4.5 3 3.9 2 1 03205 00000 00000 1
1 1 529424 37.8 48 28 1 1 1 2 1 2 1 2 2 5.44963644703458 1 1 46 5.9 2 7 1 2 00000 00000 00000 1
1 1 534519 37.1 84 40 3 3 6 1 2 4 4 3 2 2 4 5 75 81 1 3.00000000001314 3 2 01400 00000 00000 2
2 1 535246 38.3000000000037 80 32 3 3 2 1 2 3 3 2 1 3.00000000002139 3 1 50 80 1 3.0000000000107 1 1 00000 00000 00000 2
1 1 534115 38.2 48 16.0000000000692 1 3 3 1 3 4 4 1 3 2 4 5 42 71 1 3.00000000000692 1 1 03111 00000 00000 2
2 1 530001 38 44 12 2 1 3 1 3 4 3 1 2 6.5 1 4 33 6.5 1 3.00000000005527 2 1 02209 00000 00000 2
1 1 529272 38.3 132 35.4972922155623 1 3 6 2 2 4 2 2 3 6.2 4 4 57 8 2 5.2 1 1 02112 00000 00000 1
2 1 535314 38.7 48 24 1 1 1 1 1 1 1 1 1 3.00000000002039 1 1 34 63 1 3.00000000001019 1 2 00000 00000 00000 2
2 1 533793 38.9 44 14 3 1 1 1 2 3 2 2 2 3.00000000002108 1 2 33 64 1 3.00000000001054 1 2 00000 00000 00000 2
1 1 529399 39.3 82.7738259408901 35.2166937379456 4 3 6 2 4 4 2 1 3 4 4 4 75 7.66841781047648 3 4.3 2 1 02207 00000 00000 1
1 1 533836 38.3000000000039 100 16.0000000001101 3 3 4 2 1 4 4 2 1 2 1 1 68 64 3 2 1 1 02209 00000 00000 2
2 1 528804 38.6 48 20 3 1 1 1 1 3 2 2 1 5.60014334148559 3 2 50 7.3 1 3.38360728293105 1 2 03111 00000 00000 1
2 1 535163 38.8 48 40 1 1 3 1 3 3 4 2 2 3.00000000000395 1 5 41 65 1 3.00000000000198 1 1 04124 00000 000000 2
2 1 528247 38 48 20 3 3 4 1 1 4 2 2 1 5 2 2 49 8.3 1 3.69051358999671 1 2 00400 00000 00000 1
2 1 528996 38.6 52 20 1 1 1 1 3 3 2 1 1 5.88018182037478 1 3 36 6.6 1 5 1 2 00000 00000 00000 1
1 1 533928 37.8 60 24 1 1 3 2 1 4 4 2 3 2 1 5 52 75 1 3.00000000001154 3 1 02205 00000 00000 2
2 1 528248 38 42 40 3 1 1 1 3 3 1 1 2 4.73441160803218 1 1 40.0546220788557 6.56129085440987 1 3.07848834489196 1 2 03111 00000 00000 2
2 1 528134 39.0430371822985 81.2155299197734 12 1 1 2 1 2 1 2 3 1 4.93233808886129 1 3 44 7.5 2 3.95221375748367 1 2 00000 00000 00000 1
1 1 527916 38.9179847774999 77.0361384643844 22.4175317016192 2 1 1 1 4 1 1 1 1 4.2622195052777 1 5 35 58 2 1 1 1 04205 00000 00000 2
1 1 530431 38.3 42 24 1 1 1 1 1 1 1 2 2 3 1 1 40 8.5 1 3 2 1 07113 00000 00000 2
2 1 535176 39.5 60 10 3 1 1 2 3 3 2 2 1 3.00000000002115 3 1 38 56 1 3.00000000001057 1 2 00000 00000 00000 2
1 1 533942 38 66 20 1 3 3 1 5 3 1 1 1 3.00000000000002 3 1 46 46 3 2 3 1 06209 00000 00000 2
1 1 528523 38.7 76 43.419579197382 1 1 5 2 3 3 2 2 2 6.2731886223813 4 4 50 8 3 2.82741167753397 1 1 02208 00000 00000 1
1 1 534925 39.4 120 48 1 1 5 1 1 3 3 1 2 3.00000000002395 4 1 56 64 1 2 3 2 01400 00000 00000 2
1 1 527916 38.3 40 18 1 1 1 1 3 1 1 2 2 4.15219159015936 2 1 43 5.9 1 3.62341786192371 1 2 00000 00000 00000 1
2 1 528299 39.1746221257803 44 24 1 1 1 1 3 3 1 2 1 5.27087859267171 1 1 44.5106717171086 6.3 3 3.56775174818375 1 2 03111 00000 00000 2
1 1 530254 38.4 104 40 1 1 3 1 2 4 2 2 3 6.5 1 4 55 8.5 1 3.00000000001883 1 1 02124 00000 00000 2
1 1 535085 38.3000000000015 65 24 1 1 1 2 5 1 4 3 1 3.00000000000886 1 5 30.000000000031 6.00000000000332 1 3.00000000000443 3 1 03205 00000 00000 2
2 1 532985 37.5 44 20 1 1 3 1 1 1 1 2 2 3.00000000002021 1 1 35 7.2 1 3.0000000000101 1 2 00000 00000 00000 2
2 1 527677 39 86 16 3 3 5 2 3 3 3 1 2 6.33393229632353 1 2 68 5.8 3 6 2 1 05400 00000 00000 1
1 1 535292 38.5 129 48 3 3 3 1 2 4 3 1 3 2 1 1 57 66 3 2 1 1 02206 00000 00000 2
1 1 529729 38.6871686980827 104 27.0619501855653 3 3 5 2 2 4 3 1 3 5.21239003711305 4 4 69 8.6 2 3.4 2 1 02207 00000 00000 1
2 1 518476 38.5184411409279 89.925259506684 37.9490104547887 3 4 6 1 4 3 4 1 3 6.46799669367474 2 2 50.7262759102547 6.96747521385661 2 3.28751645261222 2 1 03400 00000 00000 1
1 1 527929 38.9108101462007 92.5583320827622 32.7701434524754 1 2 1 1 1 1 1 1 2 5.41359474119243 1 2 44.7548484362537 6.87390067753983 3 3.27507318414626 1 1 02208 00000 00000 2
1 1 535130 38.2 60 30 1 1 3 1 3 3 1 2 1 3.00000000000036 3 2 48 66 1 3.00000000000018 1 1 06112 00000 00000 2
1 1 523190 38.0563768290099 68 14 1 2 4 1 4 3 1 1 1 4.3 2 2 46.1183263203295 6.62603328915297 2 2.8 2 1 04205 00000 00000 1
1 1 533968 38.3 60 30 3 3 4 2 5 4 4 1 1 3.00000000000005 4 1 45 70 3 2 1 1 06111 03111 00000 2
2 1 528151 38.5 100 45.1153161049683 3 3 5 2 4 3 4 2 1 6.62298386956178 4 5 49.4183090808089 6.81946487731025 2 2.99783708606292 3 2 01111 00000 00000 1
1 1 530239 38.4 84 30 3 1 5 2 4 3 3 2 3 6.5 4 4 47 7.5 3 3.00000000002405 2 1 02300 00000 00000 2
2 1 528305 37.8 48 14 1 1 1 1 3 1 2 1 3 5.3 1 1 35 7.5 1 3.02845045135296 1 2 03111 00000 00000 1
1 1 5279822 38 93.6104358297383 24 3 3 6 2 5 1 4 1 1 6.02037285371944 3 1 68 7.8 2 3.07666018205297 2 1 02205 00000 00000 2
2 1 534857 37.8 56 16 1 1 2 1 2 1 1 2 1 3.00000000001976 1 1 44 68 1 1 1 2 00000 00000 00000 2
2 1 534053 38.2 68 32 2 2 2 1 1 1 1 3 1 3.00000000002033 1 1 43 65 1 3.00000000001017 1 2 00000 00000 00000 2
1 1 534833 38.5 120 60 4 3 6 2 1 3 1 2 2 3.00000000000039 1 1 54 6.00000000000015 1 3.0000000000002 1 1 05400 00000 00000 2
1 1 5278331 39.3 64 90 2 3 1 1 1 3 1 1 2 3.01535350821789 1 1 39 6.7 1 3.00575753980804 1 1 21110 00000 00000 2
1 1 527365 38.4 80 30 4 3 1 1 3 3 3 3 3 5.00161355990909 4 5 32 6.1 3 4.3 1 1 07209 00000 00000 1
1 1 533887 38.5 60 16.0000000000079 1 1 1 1 1 1 1 2 2 3.00000000000159 1 1 33 53 1 3.00000000000079 1 1 04111 00000 00000 2
1 1 5299603 38.3 60 16 3 1 1 1 2 1 1 2 2 3 1 4 30 6 1 3 1 1 31110 00000 00000 2
1 1 528742 37.1 40 8 1 1 4 1 3 3 1 1 1 5.01599324537113 3 3 23 6.7 3 2.75452230333686 1 1 03133 00000 00000 1
2 9 5287279 39.0668223910224 100 44 2 1 1 1 4 1 1 2 2 4.53364481227204 1 1 37 4.7 1 3.57511678813387 1 2 07111 00000 00000 2
1 1 534788 38.2 48 18 1 1 1 1 3 3 3 1 2 3.00000000000081 4 1 48 74 1 2 1 1 05111 00000 00000 2
1 1 529373 40.1642013947544 60 48 3 3 4 2 4 3 4 2 1 6.72840688436317 1 2 58 7.6 2 4.39815304949486 2 1 03205 00000 00000 2
2 1 534163 37.9 88 24 1 1 2 1 2 2 1 2 2 3.00000000002131 4 1 37 56 1 3.00000000001065 1 2 00000 00000 00000 2
2 1 533697 38 44 12 3 1 1 1 1 1 2 2 2 3.00000000002036 1 1 42 64 1 3.00000000001018 1 2 00000 00000 00000 2
2 1 529628 38.5 60 20 1 1 5 2 2 2 1 2 1 6.27419492303747 2 3 63 7.5 2 2.3 3 2 00300 00000 00000 1
2 1 521399 38.5 96 36 3 3 2 2 2 4 2 1 2 6.70507458752004 4 5 70 8.5 2 3.39380031633849 2 1 01400 00000 00000 1
2 1 533885 38.3 60 20 1 1 1 2 1 3 1 2 2 3.0000000000216 3 1 34 66 1 3.0000000000108 1 2 00000 00000 00000 2
2 1 534157 38.5 60 40 3 1 2 1 2 1 2 2 2 3.00000000002137 3 2 49 59 1 3.00000000001069 1 2 00000 00000 00000 2
1 1 528047 37.3 48 12 1 2 3 1 3 1 3 2 1 5.22955204868768 3 3 40 6.6 2 2.77598682115463 1 1 03205 00000 00000 1
1 1 528641 38.5 86 49.9998311306621 1 1 3 1 4 4 3 2 1 6.97189445794919 3 5 45 7.4 1 3.4 2 1 03209 00000 00000 1
1 1 534073 37.5 48 40 1 1 1 1 1 1 1 1 1 3.00000000001902 1 5 41 55 3 2 3 1 02208 00000 00000 2
2 1 529685 37.2 36 9 1 1 1 1 2 3 1 2 1 3.00000009951006 4 1 35 5.7 1 3.00000003731627 1 2 31110 00000 00000 2
1 1 529528 39.2 62.5464003454654 23 3 1 3 1 4 4 2 2 2 3.18888012923024 1 1 36 6.6 1 3 1 1 03115 00000 00000 1
2 1 528151 38.5 100 35.7262514074543 3 3 5 2 4 3 4 2 1 6.36050026854898 4 5 51.5444744605455 7.52458312224439 3 3.8675211690568 3 2 04124 00000 00000 2
1 1 535137 38.5 96 30 2 3 4 2 4 4 3 2 1 3.00000000000049 3 5 50 65 1 3.00000000000025 1 1 06111 03112 00000 2
1 1 530297 38.300000000003 60.0000000000169 16.0000000000845 1 1 1 1 1 1 1 2 2 3.0000000000169 1 1 45 8.7 1 3.00000000000845 2 1 02208 00000 00000 2
1 1 535338 37.8 88 80 3 3 5 2 1 3 3 2 3 3.00000000001074 4 5 64 89 1 3.00000000000537 3 1 03205 00000 00000 2
2 1 534478 37.5 44 10 3 1 1 1 3 1 2 2 2 3.00000000002015 3 3 43 51 1 1 1 2 00000 00000 00000 2
1 1 530401 37.9 68 20 1 1 2 1 2 4 2 2 2 3 1 5 45 4 3 2.8 2 1 05400 00000 00000 1
1 1 529893 38 86 24 4 3 4 1 2 4 4 1 1 3.00000088569004 4 5 45 5.5 1 10.1 2 1 03111 00000 00000 1
1 9 5294369 38.9 120 30 1 3 2 2 3 3 3 3 1 3 1 2 47 6.3 1 4.40019576141261 1 2 02124 00000 00000 2
1 1 528183 37.6 45 12 3 1 3 1 2 2 2 2 1 3.9631307026674 1 4 39 7 2 1.5 1 1 02112 00000 00000 1
2 1 529183 38.6 56 32 2 1 1 1 1 1 1 2 2 4.85089492155669 2 1 40 7 2 2.1 1 2 00000 00000 00000 1
1 1 529135 37.8 40 12 1 1 1 1 1 2 1 2 1 3.34070356281186 1 2 38 7 1 3.1246444289578 1 1 03111 00000 00000 2
2 1 528977 39.1625952942694 91.6252514927283 34.82980873235 1 2 1 2 1 2 3 2 2 6.08138267992191 1 2 46.9039530002742 7.21887995556344 2 3.79435581516854 1 2 00000 00000 00000 2
1 1 5279441 38 76 18 1 2 1 2 1 2 2 1 2 6.12017030230713 1 2 71 11 3 3.25765371467684 1 1 02209 00000 00000 1
1 1 535240 38.1 40 36 1 2 2 1 2 2 1 2 2 3.00000000001347 1 1 30.0000000000471 6.00000000000505 1 3.00000000000673 3 1 03112 00000 00000 2
1 1 529736 38.5378459537166 52 28 3 3 4 1 3 4 3 2 1 4.35911946757613 4 4 37 8.1 1 3.67955971575315 1 1 02111 00000 00000 2
1 1 535029 39.2 88 58 4 4 1 2 5 4 1 2 2 3.00000000000902 1 1 30.0000000000316 6.00000000000338 2 2 3 2 03205 00000 00000 2
1 1 535031 38.5 92 40 4 3 1 1 2 4 3 2 2 3.0000000000206 4 1 46 67 2 2 1 1 02208 00000 00000 2
1 1 528800 38.9443790898092 112 13 4 4 4 1 2 3 1 2 1 4.5 4 4 60 6.3 3 3.36826469347824 1 1 02205 00000 00000 1
1 1 528178 37.7 66 12 1 1 3 1 3 3 2 2 2 4.98846431397437 4 4 31.5 6.2 2 1.6 1 1 02208 00000 00000 1
1 1 535392 38.8 50 14 1 1 1 1 3 1 1 1 1 3.00000000001483 3 5 38 58 1 3.00000000000742 1 1 03111 00000 00000 2
2 1 528931 38.4 54 24 1 1 1 1 1 3 1 2 1 5.68083929188437 3 2 49 7.2 1 8 1 2 03111 00000 00000 1
1 1 528503 39.2 120 20 4 3 5 2 2 3 3 1 3 6.31146116832394 3 4 60 8.8 3 3.73957469455468 2 1 02205 00000 00000 2
1 9 5289419 38.5208935168728 65.9641249557708 18.2089351688672 1 1 1 1 1 1 1 2 2 3.44178703376096 1 1 45 6.5 2 3.16567013765198 1 1 09000 00000 00000 1
1 1 535196 37.3 90 40 3 1 6 2 5 4 3 2 2 3.00000000001041 1 5 65 50 3 2 3 1 03205 00000 00000 2
1 9 534597 38.5 120 70 1 1 1 1 1 1 1 2 2 3.00000000000197 1 1 35 54 1 1 1 1 04205 03111 02209 2
1 1 534280 38.5 104 40 3 3 1 1 4 3 4 2 2 3.0000000000222 1 1 30.0000000000777 6.00000000000832 1 3.0000000000111 1 1 02124 00000 00000 2
2 1 530028 39.5 92 28 3 3 6 1 5 4 1 2 3 3.00000000000548 4 1 72 6.4 1 3.6 2 2 03300 00000 00000 2
1 1 5262543 38.5 30 18 2 1 1 1 2 2 1 2 2 4.6276743129275 2 2 40 7.7 1 3.73163111777208 1 1 02113 00000 00000 2
1 1 530526 38.3 72 30 4 3 3 2 3 3 3 2 1 3.00000000000774 3 5 43 7 2 3.9 1 1 03113 00000 00000 1
2 1 528729 37.5 48 30 4 1 3 1 1 2 1 1 1 5.65437352958456 1 1 48 8.6 2 3.63864245575909 1 2 00400 00000 00000 2
1 1 528469 38.1 52 24 1 1 5 1 4 3 1 2 3 7 1 2 54 7.5 2 2.6 2 1 02206 00000 00000 1
2 1 528179 38.2 42 26 1 1 1 1 3 1 2 1 2 3.80127160681006 1 1 36 6.9 1 3.07439611081537 1 2 03111 00000 00000 2
2 1 533750 37.9 54 42 2 1 5 1 3 1 1 2 1 3.00000000002443 1 2 47 54 3 1 1 2 00000 00000 00000 2
2 1 528702 36.1 88 52.304838138819 3 3 3 1 3 3 2 2 3 6.93810049835602 2 4 45 7 3 4.8 3 1 02209 00000 00000 1
1 1 534183 38.1 70 22 1 1 1 1 5 3 1 2 2 3.00000000000617 1 5 36 65 1 3.00000000000308 3 1 03205 00000 00000 2
1 1 529160 38 90 30 4 3 4 2 5 4 4 2 1 6.46922919421186 4 5 55 6.1 2 4.26947020938573 2 1 03205 00000 00000 2
1 1 529045 38.2 52 16 1 1 2 1 1 2 1 1 1 5.15671908963478 1 2 43 8.1 2 3.79419459240572 1 2 00000 00000 00000 1
1 1 530354 38.3000000000053 36 32 1 1 4 1 5 3 3 2 3 4 1 4 41 5.9 1 3.00000000001526 2 1 02205 00000 00000 2
1 1 5281091 38.4 92 20 1 2 1 2 1 3 3 1 1 5.95704571753054 1 2 49.0614784410755 7.17209942111544 3 3.52471286691777 1 1 02208 00000 00000 1
1 9 5291409 38.2 124 88 1 3 2 1 2 3 4 2 2 4.64425086517728 1 1 47 8 1 3.61659407440638 1 1 09400 00000 00000 1
2 1 528904 38.3096202680453 96 16.0962026804619 3 3 3 2 5 4 4 2 1 3.01924053609159 4 5 60 6.01010128144776 1 3.00721520103381 2 1 41110 00000 00000 2
1 1 530366 37.6 68 32 3 1 3 1 4 2 4 2 2 6.5 1 5 47 7.2 1 3.00000000000061 1 1 03209 00000 00000 2
1 1 530170 38.1 88 24 3 3 4 1 5 4 3 2 1 3.00000000004591 3 4 41 4.6 1 3.00000000002295 2 1 02209 00000 00000 2
1 1 527709 38 108 60 2 3 4 1 4 3 3 2 2 6.70223802592116 3 4 50.0310619049741 6.75534655730613 3 2.74487245615241 1 1 02205 00000 00000 2
2 1 528169 38.2 48 28.5070805423448 2 1 1 2 3 3 1 2 1 4.73734585974518 1 2 34 6.6 1 3.13846364960552 1 2 03111 00000 00000 2
1 1 535043 39.3 100 51 4 4 6 1 2 4 1 1 3 2 1 4 66 13 3 2 3 1 02113 00000 00000 2
2 1 527940 36.6 42 18 3 3 2 1 1 4 1 1 1 4.06064061489883 1 5 52 7.1 1 3.39752112395763 2 1 05111 00000 00000 2
1 9 5291719 38.8 124 36 3 1 2 1 2 3 4 1 1 6.69965290945388 4 4 50 7.6 3 4.430892465016 2 1 02208 00000 00000 1
2 1 530561 38.3000000000059 112 24 3 3 4 2 5 4 2 2 2 3.00000000003389 4 1 40 5.3 3 2.6 1 2 00400 00000 00000 1
1 1 533738 38.3000000000024 80 16.0000000000679 3 3 3 1 4 4 4 2 2 3.00000000001358 4 5 43 70 1 3.00000000000679 1 1 03111 00000 00000 2
1 9 5294539 38.8 184 84 1 2 1 1 4 1 3 2 1 5.85469266006194 2 2 33 3.3 2 4.070509747523 2 1 07111 00000 00000 2
1 1 533871 37.5 72 16 2 1 1 1 2 1 1 1 1 3 1 1 35 65 2 2 3 1 07209 00000 00000 2
1 1 529812 38.7 96 28 3 3 4 1 1 4 1 2 3 7.5 1 1 64 9 1 3.00184068403322 2 1 02205 00000 00000 1
2 1 534719 37.5 52 12 1 1 1 1 2 3 2 2 1 3.00000000002041 3 5 36 61 1 1 1 2 00000 00000 00000 2
1 1 527734 40.8 72 42 3 3 1 1 2 3 1 2 1 3.32264693926528 1 1 54 7.4 3 3.12099062497251 2 1 11400 00000 00000 1
2 1 534933 38 40 25 1 1 1 1 4 3 2 1 1 3.00000000002172 4 1 37 69 1 3.00000000001086 1 2 00000 00000 00000 2
2 1 529296 38.4 48 16 2 1 1 1 1 1 2 2 1 3.94656525547914 1 2 39 6.5 1 3.35505994059355 1 2 03111 00000 00000 1
2 9 5305629 38.6 88 28 1 1 1 1 1 1 1 2 2 3.00000000002078 1 1 35 5.9 1 3.00000000001039 1 2 00000 00000 00000 2
1 1 528743 37.1 75 36 1 1 3 2 4 4 2 2 3 5 4 4 48 7.4 3 3.2 2 1 12208 00000 00000 1
1 1 530478 38.3 44 21 3 1 2 1 3 3 3 2 1 3.00000000001809 1 5 44 6.5 2 4.4 1 1 02209 00000 00000 1
2 1 528590 39.6020935747313 56 68 3 1 1 1 3 3 1 2 1 5.60419244198954 1 2 40 6 3 3.97656928231755 3 1 05206 00000 00000 2
2 1 529865 38.6 68 20 2 1 3 1 3 3 2 1 1 3.00000000000019 1 5 38 6.5 1 3.00000000000008 1 2 05124 00000 00000 1
2 1 527829 38.3 54 18 3 1 2 1 2 3 2 2 3 5.4 3 4 44 7.2 3 3.98744509188336 1 2 02124 00000 00000 1
1 1 534403 38.2 42 20 1 1 1 1 1 3 1 2 2 3.00000000002122 3 1 47 60 1 3.00000000001061 1 2 00000 00000 00000 2
1 1 527883 39.3 64 90 2 3 1 1 1 3 1 1 2 6.5 1 5 39 6.7 1 3.00304579304495 1 1 31110 00000 00000 2
1 1 528570 37.5 60 50 3 3 1 1 3 3 2 2 2 3.5 3 4 35 6.5 3 2.74227269780016 2 1 02209 00000 00000 2
1 1 534626 37.7 80 16.0000000000104 3 3 6 1 5 4 1 2 3 3.00000000000208 3 1 50 55 3 2 1 1 04206 00000 00000 2
1 1 529796 38.3040768985558 100 30 3 3 4 2 5 4 4 3 3 3.02329655853056 4 4 52 6.6 1 3.01164827895259 1 1 02124 00000 00000 2
1 1 528638 37.7 120 28 3 3 3 1 5 3 3 1 1 6.27245116249897 1 2 65 7 3 4.09905517928915 2 1 04205 00000 00000 1
1 1 534624 38.3 76 16 1 3 1 1 1 4 4 2 2 3.00000000000001 1 5 30 6 1 3 3 1 11124 00000 00000 2
1 9 5297159 38.8 150 50 1 3 6 2 5 3 2 1 1 3.00000438302914 1 1 50 6.2 1 3.00000164534482 2 1 04207 00000 00000 2
1 1 534787 38 36 16 3 1 1 1 4 2 2 3 3 2 3 1 37 75 2 1 3 2 03111 00000 00000 2
2 1 528620 36.9 50 40 2 3 3 1 1 3 2 3 1 7 3 2 37.5 6.5 3 2.57430339851361 1 2 03111 00000 00000 2
2 1 528019 37.8 40 16 1 1 1 1 1 1 1 2 2 3.8336226660035 1 1 37 6.8 1 3.41540572122099 1 2 00000 00000 00000 2
2 1 529172 38.2 56 40 4 3 1 1 2 4 3 2 2 7.5 1 2 47 7.2 1 2.5 1 2 08300 00000 00000 1
1 1 534644 38.6 48 12 1 1 1 1 1 1 1 2 2 3.00000000002021 1 1 36 67 1 3.0000000000101 1 2 00000 00000 00000 2
2 1 530624 40 78 16 3 3 5 1 2 3 1 1 1 3 4 1 66 6.5 1 3 2 1 08400 00000 00000 1
1 1 527544 38.308222046434 70 16 3 4 5 2 2 3 2 2 1 5.1581414633885 4 5 60 7.5 2 3.66501456947116 2 1 01400 00000 00000 2
1 1 527758 38.2 72 18 2 1 1 1 1 1 1 1 2 3.6865636137891 1 1 35 6.4 1 3.02427651091408 1 1 03124 00000 00000 2
2 1 530439 38.5 54 16.0000000001095 1 1 1 1 3 1 1 2 1 3.0000000000219 1 1 40 6.8 2 7 1 2 00000 00000 00000 1
1 1 5283431 38.5 66 24 1 1 1 1 3 3 1 2 1 3.00162913314169 4 5 40 6.7 1 3.00061092492809 1 1 31110 00000 00000 1
2 1 5275212 37.8 82 12 3 1 1 2 4 3 3 1 3 5.39176971711957 2 2 50 7 1 3.48310742773628 3 1 02205 00000 00000 2
2 9 5305129 39.5 84 30 1 1 1 1 1 1 1 2 2 3.00000000002111 1 1 28 5 1 3.00000000001056 1 2 00000 00000 00000 2
1 1 529428 39.1699304946719 79.3288431505853 28.3282071403227 1 1 1 2 1 2 1 2 2 5.46564142803182 1 2 43.014177445913 7.12697395616923 2 4.06418869676834 1 1 02124 00000 00000 2
1 1 529126 38 50 36 1 1 1 1 3 2 2 2 2 3.37730900038455 3 1 39 6.6 1 5.3 1 1 08400 00000 00000 1
2 1 535054 38.6 45 16 2 1 2 1 1 1 1 2 2 3.00000000002034 1 1 43 58 1 3.00000000001017 1 2 00000 00000 00000 2
1 1 528890 38.9 80 44 3 3 3 1 2 3 3 2 2 7 3 1 54 6.5 3 4.2724921391378 2 1 07111 00000 00000 2
1 1 530034 37 66 20 1 3 2 1 4 3 3 1 2 3 1 5 35 6.9 2 3 2 1 31110 00000 00000 2
1 1 534004 38.3000000000032 78 24 3 3 3 1 1 3 1 2 1 3.00000000001818 1 4 43 62 1 2 3 2 02209 00000 00000 2
2 1 533902 38.5 40 16 1 1 1 1 2 1 1 2 2 3.00000000002052 3 2 37 67 1 3.00000000001026 1 2 00000 00000 00000 2
1 1 533886 38.300000000001 120 70 4 1 4 2 2 4 1 2 2 3.00000000000568 1 5 55 65 1 3.00000000000284 3 2 03205 00000 00000 2
2 1 527702 37.2 72 24 3 2 4 2 4 3 3 3 1 6.52323845305466 4 4 44 6.63578338148393 3 3.3 3 1 02208 00000 00000 1
1 1 529386 37.5 72 30 4 3 4 1 4 4 3 2 1 6.1247470345573 3 5 60 6.8 2 4.17178251897681 2 1 03205 00000 00000 2
1 1 530612 36.5 100 24 3 3 3 1 3 3 3 3 1 3.00000000002322 4 4 50 6 3 3.4 1 1 02208 00000 00000 1
1 1 534618 37.2 40 20 1 1 1 1 1 1 1 2 2 3.00000000000013 4 1 36 62 1 1 3 2 06112 00000 00000 2
2 1 528626 38.5 54 20 1 1 2 2 3 4 1 2 2 5.9 1 2 42 6.3 3 3.36223538678636 1 2 03111 00000 00000 1
2 1 527950 37.6 48 36 1 1 1 1 1 3 1 1 2 5.08257227932919 1 1 44 6.3 1 5 1 2 03111 00000 00000 1
1 1 535263 37.7 44 28 1 4 3 2 5 4 4 1 1 3.00000000001003 3 5 45 70 3 2 1 1 03205 00000 00000 2
1 1 534523 37 56 24 3 1 4 2 4 4 3 1 1 3.00000000002307 1 1 35 61 3 2 3 2 02205 02208 00000 2
2 1 528926 38 42 12 3 1 3 1 1 1 1 2 2 4.02546262008285 1 2 37 5.8 1 3.01314139438449 1 2 03111 00000 00000 2
1 1 534922 38.3000000000025 60 40 3 1 1 1 1 4 1 3 2 3.00000000001433 1 5 42 72 1 3.00000000000716 1 1 03111 00000 00000 2
2 1 527642 38.4 80 60 3 2 2 1 3 2 1 2 2 5.63694648265907 1 1 54 6.9 3 3.34984006223713 1 2 00000 00000 00000 2
2 1 5279821 37.8 48 12 2 1 2 1 3 2 1 2 1 4.03515614947835 2 2 48 7.3 1 3.5980472330995 1 2 00000 00000 00000 1
1 1 534790 38 65 40 1 1 4 2 2 1 1 2 2 3.00000000001437 1 5 30.0000000000503 6.00000000000539 1 3.00000000000718 1 1 03111 03205 00000 2
2 1 5275211 37.9 45 36 3 3 3 2 2 3 1 2 1 4.66251614740965 3 2 33 5.7 3 3.56867929564394 1 1 02205 00000 00000 1
2 1 5278332 39 84 12 3 1 5 1 2 4 2 1 2 7 3 4 62 5.9 2 2.2 2 1 02208 00000 00000 1
2 1 528959 38.2 60 24 3 1 3 2 3 3 2 3 3 6.71531167668941 4 4 53 7.5 2 1.4 1 2 01124 00000 00000 1
1 1 534921 38.3 140 16.0000000000014 1 1 4 2 5 4 4 1 1 3.00000000000028 1 5 30 69 1 3.00000000000014 2 2 06112 00000 00000 2
1 1 528999 37.9 120 60 3 3 3 1 5 4 4 2 2 7.5 4 5 52 6.6 3 1.8 2 1 03205 00000 00000 1
2 1 528067 38 72 36 1 1 3 1 3 3 2 2 1 5.87480083628973 3 5 38 6.8 2 2 1 2 03124 00000 00000 1
2 9 5291329 38 92 28 1 1 2 1 1 3 2 3 2 7.2 1 2 37 6.1 1 1.1 1 2 00000 00000 00000 1
1 1 529478 38.3 66 30 2 3 1 1 2 4 3 3 2 8.5 4 5 37 6 2 3.83261919289783 1 1 05111 00000 00000 2
2 1 529991 37.5 48 24 3 1 1 1 2 1 1 1 1 3 3 2 43 6 1 2.8 1 2 07111 00000 00000 1
1 1 530033 37.5 88 20 2 3 3 1 4 3 3 2 2 3.00000000007429 1 1 35 6.4 1 3.00000000003714 2 1 02205 00000 00000 2
2 9 5299049 38.3000009147124 150 60 4 4 4 2 5 4 4 2 2 3.00000522692692 1 1 30.0000182942464 6.0000019600977 1 3.00000261346338 2 1 01400 00000 00000 2
1 1 534497 39.7 100 30 1 1 6 2 4 4 3 1 2 3.00000000000888 4 5 65 75 1 3.00000000000444 3 1 03205 00000 00000 2
1 1 528369 38.3 80 55.6421421495489 3 3 4 2 5 4 3 2 1 7.28285999921328 4 4 45 7.5 2 4.6 1 1 03209 00000 00000 1
2 1 530107 37.5 40 32 3 1 3 1 3 2 3 2 1 3.00000000000197 1 5 32 6.4 1 1.1 1 1 03124 00000 00000 1
1 1 530239 38.4 84 30 3 1 5 2 4 3 3 2 3 6.5 4 4 47 7.5 3 3 2 1 06111 00000 00000 2
1 1 530505 38.1 84 44 4 1 4 2 5 3 1 1 3 5 1 4 60 6.8 1 5.7 2 1 02209 00000 00000 1
2 1 529567 38.7 52 22.1847747282478 1 1 1 1 1 3 1 2 2 4.23695494564954 1 3 4 74 1 3.61646151529391 1 2 00000 00000 00000 2
2 1 529597 38.1 44 40 2 1 3 1 3 3 1 1 2 5.45174750577347 1 3 35 6.8 2 4.225315428634 1 2 00000 00000 00000 2
2 1 534429 38.4 52 20 2 1 3 1 1 3 2 2 1 3.00000000002144 3 5 41 63 1 1 1 2 00000 00000 00000 2
1 1 529629 38.2 60 26.5702754671728 1 1 3 1 2 1 1 1 1 5.11405509343456 4 4 43 6.2 2 3.9 1 1 02206 00000 00000 1
2 1 528382 37.7 40 18 1 1 1 1 3 2 1 1 1 4.28796412958872 3 3 36 3.5 2 3.67047524589061 1 2 00400 00000 00000 2
1 1 534898 39.1 60 10 1 1 1 1 2 3 1 2 2 3.0000000000213 4 4 30.0000000000745 6.00000000000799 1 3.00000000001065 1 1 02113 00000 00000 2
2 1 529615 37.8 48 16 1 1 1 1 2 1 1 2 1 5.07782999188466 4 3 43 7.5 2 4.03880962023228 1 2 00000 00000 00000 2
1 1 526090 39 120 30.9797690623593 4 3 5 2 2 4 3 2 3 8 1 2 65 8.2 3 4.6 1 2 05110 00000 00000 2
1 1 529765 38.2 76 16.0000162010417 2 3 2 1 5 3 3 1 2 6 1 5 35 6.5 2 0.9 1 1 03205 00000 00000 1
2 1 528310 38.3 88 48.2321021277609 1 2 6 1 3 3 3 1 2 6.59882293858988 3 2 49.3775011904115 6.70555125114762 3 2.4405514893986 2 2 02300 00000 00000 2
1 1 529925 38 80 30 3 3 3 1 1 1 1 2 2 6 1 1 48 8.3 1 4.3 1 1 02111 00000 00000 2
1 1 527807 38.814703663748 89.9789840315473 41.3773499883542 3 1 1 1 2 3 3 1 3 6 4 4 48.7033471470033 7.20530093714036 2 3.81859623559604 2 1 02113 00000 00000 1
1 1 5281441 37.6 40 16.001260756088 1 1 1 1 1 1 1 1 2 3.00025215121758 1 1 30.0017020207186 6.00013237938922 2 2.1 1 1 31110 00000 00000 1
2 1 530695 37.5 44 16.0000000000495 1 1 1 1 3 3 2 2 2 3.0000000000099 1 1 45 5.8 2 1.4 1 2 03111 00000 00000 1
2 1 533889 38.2 42 16 1 1 3 1 1 3 1 2 2 3.00000000002073 1 1 35 60 1 1 1 2 00000 00000 00000 2
2 1 533815 38 56 44 3 3 3 1 1 1 1 2 1 3.00000000002314 4 1 47 70 2 1 1 2 00000 00000 00000 2
2 1 527664 38.3 45 20 3 3 2 2 2 4 1 2 2 5.1083587633218 4 2 44.7211318357948 6.57822002412391 3 3.71235117404069 1 2 00000 00000 00000 2
1 1 5262542 38.4535671983258 48 96 1 1 3 1 3 4 1 2 1 6.43634474759311 1 4 42 8 1 3.12748442288901 1 1 02208 00000 00000 2
1 1 528268 37.7 55 28 2 1 2 1 2 3 3 1 3 5 4 5 44.2559192375424 6.63024833636413 3 2.74876772049459 1 1 03209 00000 00000 2
2 1 528919 36 100 20 4 3 6 2 2 4 3 1 1 7.35653575643314 4 5 74 5.7 2 2.5 3 1 03205 00000 00000 1
1 1 527494 37.1 60 20 2 2 4 1 3 3 3 1 2 5 3 4 64 8.5 2 3.55533033346339 1 1 07111 00000 00000 1
2 1 529980 37.1 114 40 3 1 3 2 2 2 1 2 2 3.00000000044275 1 3 32 6.00000000016603 3 6.5 1 2 00400 00000 00000 2
1 1 533954 38.1 72 30 3 3 3 1 4 4 3 2 1 3.00000000000085 3 5 37 56 3 1 1 1 04206 00000 00000 2
1 1 5281092 37 44 12 3 1 1 2 1 1 1 2 2 4.55093165236394 4 2 40 6.7 3 8 1 1 02208 00000 00000 2
1 1 534686 38.6 48 20 3 1 1 1 4 3 1 2 2 3.00000000001369 3 1 37 75 1 3.00000000000684 1 1 03111 00000 00000 2
1 1 534475 38.3000000000039 82 72 3 1 4 1 2 3 3 2 3 3.00000000002216 4 4 53 65 3 2 3 1 02209 03205 00000 2
1 9 5274919 38.2 78 60 4 4 6 1 3 3 3 2 2 5.83953286508603 1 1 59 5.8 3 3.1 2 1 01400 00000 00000 1
2 1 533815 37.8 60 16 1 1 3 1 2 3 2 1 2 3.00000000000092 3 1 41 73 1 3.00000000000046 3 2 04124 00000 00000 2
1 1 534156 38.7 34 30 2 1 3 1 2 3 1 2 2 3.00000000000002 1 1 33 69 1 2 3 1 07113 00000 00000 2
1 1 514279 38.3003381710411 36 12 1 1 1 1 1 2 1 1 1 3.000677397709 1 5 44 6.00035540056075 1 3.00025393498319 1 1 31110 00000 00000 1
2 1 528433 38.3 44 60 1 1 1 1 1 1 1 2 2 4.42602552146167 1 1 6.4 36 1 3.49011952947424 1 1 00000 00000 00000 2
2 1 527465 37.4 54 18 3 1 1 1 3 4 3 2 2 4.40829331219615 4 5 30 7.1 2 3.4431904167327 1 1 07111 00000 00000 1
1 1 534268 38.3 60 16 4 3 1 2 2 4 1 2 2 3.00000000000001 1 1 54 76 3 2 1 1 08405 00000 00000 2
1 1 535337 36.6 48 16 3 1 3 1 4 1 1 1 1 3.00000000000312 1 1 27 56 1 3.00000000000156 3 1 04206 00000 00000 2
1 1 534111 38.5 90 16.0000000000002 1 1 3 1 3 3 3 2 3 2 4 5 47 79 1 3.00000000000002 1 1 06112 00000 00000 2
1 1 530576 38.3000000000039 75 12 1 1 4 1 5 3 3 2 3 5.8 1 1 58 8.5 1 3.00000000001114 1 1 02209 00000 00000 1
2 1 529930 38.2 42 16.0000000008627 3 1 1 1 1 1 2 2 1 3.00000000017254 3 2 35 5.9 2 3.00000000008627 1 2 03113 00000 00000 2
1 9 5274919 38.2 78 60 4 4 6 1 3 3 3 2 2 5.77364256411585 1 1 59 5.8 3 3.1 2 1 02205 00000 00000 1
2 1 529695 38.6 60 30 1 1 3 1 4 2 2 1 1 3.00000884931634 1 1 40 6 1 3.00000424970691 1 1 03205 00000 00000 2
2 1 528452 37.8 42 40 1 1 1 1 1 3 1 1 2 3.59010964013428 3 3 36 6.2 1 3.18801993390815 1 2 04124 00000 00000 2
1 1 534783 38 60 12 1 1 2 1 2 1 1 1 1 3.00000000001796 1 4 44 65 3 2 3 1 02209 00000 00000 2
2 1 528926 38 42 12 3 1 3 1 1 1 1 2 2 3.95603386856907 1 1 37 5.8 1 3.01430157805541 1 2 03111 00000 00000 2
2 1 530670 37.6 88 36 3 1 1 1 3 3 2 1 3 1.5 1 1 44 6 1 3.00000000001066 2 1 02112 00000 00000 2
